7.608920113956244222e+02
1.995784982632191031e+02
9.377842286886306056e+01
9.377842286886303214e+01
9.377842286886303214e+01
9.377842286886303214e+01
9.377842286886303214e+01
9.377842286886303214e+01
9.377842286886303214e+01
9.377842286886303214e+01
9.377842286886303214e+01
9.377842286886303214e+01
9.377842286886303214e+01
9.377842286886303214e+01
9.377842286886303214e+01
9.377842286886303214e+01
9.377842286886303214e+01
9.377842286886303214e+01
9.377842286886303214e+01
9.377842286886303214e+01
9.377842286886303214e+01
9.377842286886303214e+01
9.377842286886303214e+01
9.377842286886303214e+01
9.377842286886303214e+01
9.377842286886303214e+01
9.377842286886303214e+01
9.377842286886303214e+01
9.377842286886303214e+01
9.377842286886303214e+01
9.377842286886303214e+01
9.377842286886303214e+01
9.377842286886303214e+01
9.377842286886303214e+01
9.377842286886303214e+01
9.377842286886303214e+01
9.377842286886303214e+01
9.377842286886303214e+01
9.377842286886303214e+01
9.377842286886303214e+01
9.377842286886303214e+01
9.377842286886303214e+01
9.377842286886303214e+01
9.377842286886303214e+01
9.377842286886303214e+01
9.377842286886303214e+01
9.377842286886303214e+01
9.377842286886303214e+01
9.377842286886303214e+01
9.377842286886303214e+01
9.377842286886303214e+01
