1.934800063098799164e-04
4.839317038807700884e-05
4.302066268935820018e-05
3.754455187913304865e-05
3.670737337047253937e-05
3.639614543481181906e-05
3.614137797451838166e-05
3.386535296016944876e-05
3.504777255120795437e-05
3.389555690858921761e-05
3.638848376078585619e-05
3.596760648425887400e-05
3.756570584927718359e-05
3.581573119075861779e-05
3.480520532923303680e-05
3.487124650971345840e-05
3.475807919881852549e-05
3.473792955416462865e-05
3.553421416280193578e-05
3.452908371919712342e-05
3.440815823841522977e-05
