5.573403075430959975e-05
2.172368543418363288e-05
1.733254905511753623e-05
1.211300757177919275e-05
1.133065726267836663e-05
1.124384355848405017e-05
1.124261780767776490e-05
1.129572454794696877e-05
1.091220472175793268e-05
1.081227077238251169e-05
1.080782075480793369e-05
1.080782075480793200e-05
1.080782075480793200e-05
1.080782075480793200e-05
1.080782075480793200e-05
1.080782075480793200e-05
1.080782075480793200e-05
1.080782075480793200e-05
1.080782075480793200e-05
1.080782075480793200e-05
1.080782075480793200e-05
1.080782075480793200e-05
1.080782075480793200e-05
1.080782075480793200e-05
1.080782075480793200e-05
1.080782075480793200e-05
1.080782075480793200e-05
1.080782075480793200e-05
1.080782075480793200e-05
1.080782075480793200e-05
1.080782075480793200e-05
1.080782075480793200e-05
1.080782075480793200e-05
1.080782075480793200e-05
1.080782075480793200e-05
1.080782075480793200e-05
1.080782075480793200e-05
1.080782075480793200e-05
1.080782075480793200e-05
1.080782075480793200e-05
1.080782075480793200e-05
1.080782075480793200e-05
1.080782075480793200e-05
1.080782075480793200e-05
1.080782075480793200e-05
1.080782075480793200e-05
1.080782075480793200e-05
1.080782075480793200e-05
1.080782075480793200e-05
1.080782075480793200e-05
1.080782075480793200e-05
