6.656288646258351797e-05
1.816583310748511834e-05
1.542381724968215780e-05
1.643674269869394719e-05
1.666198016105797456e-05
1.683648771216749565e-05
1.694417263717954480e-05
1.690251380321227212e-05
1.694153623773809135e-05
1.698137458997478732e-05
1.698483428162755204e-05
1.713314460241675813e-05
1.708725791109666527e-05
1.722269976733524884e-05
1.735509552658712781e-05
1.729832268065751964e-05
1.729832268065752642e-05
1.729832268065751964e-05
1.729832268065752642e-05
1.729832268065751964e-05
1.729832268065752642e-05
1.729832268065751964e-05
1.729832268065752642e-05
1.729832268065751964e-05
1.729832268065752642e-05
1.729832268065751964e-05
1.729832268065752642e-05
1.729832268065751964e-05
1.729832268065752642e-05
1.729832268065751964e-05
1.729832268065752642e-05
1.729832268065751964e-05
1.729832268065752642e-05
1.729832268065751964e-05
1.729832268065752642e-05
1.729832268065751964e-05
1.729832268065752642e-05
1.729832268065751964e-05
1.729832268065752642e-05
1.729832268065751964e-05
1.729832268065752642e-05
1.729832268065751964e-05
1.729832268065752642e-05
1.729832268065751964e-05
1.729832268065752642e-05
1.729832268065751964e-05
1.729832268065752642e-05
1.729832268065751964e-05
1.729832268065752642e-05
1.729832268065751964e-05
1.729832268065752642e-05
