5.382745627478893543e-06
1.004146939817744204e-06
7.879593713166366032e-07
7.331463861760969221e-07
7.217524625501189396e-07
7.214101932687144374e-07
7.214101932687144374e-07
7.214101932687144374e-07
7.214101932687144374e-07
7.214101932687144374e-07
7.214101932687144374e-07
7.214101932687144374e-07
7.214101932687144374e-07
7.214101932687144374e-07
7.214101932687144374e-07
7.214101932687144374e-07
7.214101932687144374e-07
7.214101932687144374e-07
7.214101932687144374e-07
7.214101932687144374e-07
7.214101932687144374e-07
7.214101932687144374e-07
7.214101932687144374e-07
7.214101932687144374e-07
7.214101932687144374e-07
7.214101932687144374e-07
7.214101932687144374e-07
7.214101932687144374e-07
7.214101932687144374e-07
7.214101932687144374e-07
7.214101932687144374e-07
7.214101932687144374e-07
7.214101932687144374e-07
7.214101932687144374e-07
7.214101932687144374e-07
7.214101932687144374e-07
7.214101932687144374e-07
7.214101932687144374e-07
7.214101932687144374e-07
7.214101932687144374e-07
7.214101932687144374e-07
7.214101932687144374e-07
7.214101932687144374e-07
7.214101932687144374e-07
7.214101932687144374e-07
7.214101932687144374e-07
7.214101932687144374e-07
7.214101932687144374e-07
7.214101932687144374e-07
7.214101932687144374e-07
7.214101932687144374e-07
