1.543093347894292609e-02
9.866750663168149388e-03
7.875930919740424183e-03
6.687924327837600422e-03
6.228440161846895279e-03
6.036831846162851040e-03
5.948176904256027159e-03
6.527637633731576093e-03
6.404319370690916662e-03
6.412162908898668030e-03
6.366308250294331478e-03
6.350048330972427914e-03
6.334710347958980546e-03
6.328820255677969873e-03
6.313273866935890585e-03
6.315663039282862559e-03
6.320063339862938036e-03
6.284602029515573389e-03
6.270927097291509843e-03
6.270300612623562475e-03
6.270761401958209469e-03
6.260614276162606955e-03
6.257194075007536417e-03
6.241983133898691173e-03
6.249654338441671710e-03
6.245133237446324689e-03
6.002437260785054365e-03
5.704587648252489561e-03
5.650086725731915879e-03
5.649346740814859512e-03
5.629304787991608501e-03
6.004978083007262747e-03
6.132302689624930143e-03
6.288251288178284965e-03
6.289777882312081771e-03
6.241006803640576292e-03
6.387673053564417620e-03
6.821026522237796409e-03
6.707379131587309917e-03
6.666825438610465143e-03
6.682105909168008055e-03
6.677247577998906419e-03
6.658097485681714438e-03
6.644783785871521964e-03
6.630057683123027727e-03
6.615424486268726631e-03
6.618106295722263853e-03
6.626284276888221199e-03
6.635837067286900343e-03
6.650086490930243004e-03
6.662814474585465954e-03
