1.122251328816227928e-05
3.554903511623036540e-06
2.851671706248354096e-06
2.505043274327664328e-06
2.446151375626090208e-06
2.451476640968053752e-06
2.455735368689762670e-06
2.440318856793851093e-06
2.435796833998391263e-06
2.430871816927454628e-06
2.430817463135956001e-06
2.430817463135956848e-06
2.430817463135956001e-06
2.430817463135956848e-06
2.430817463135956001e-06
2.430817463135956848e-06
2.430817463135956001e-06
2.430817463135956848e-06
2.430817463135956001e-06
2.430817463135956848e-06
2.430817463135956001e-06
2.430817463135956848e-06
2.430817463135956001e-06
2.430817463135956848e-06
2.430817463135956001e-06
2.430817463135956848e-06
2.430817463135956001e-06
2.430817463135956848e-06
2.430817463135956001e-06
2.430817463135956848e-06
2.430817463135956001e-06
2.430817463135956848e-06
2.430817463135956001e-06
2.430817463135956848e-06
2.430817463135956001e-06
2.430817463135956848e-06
2.430817463135956001e-06
2.430817463135956848e-06
2.430817463135956001e-06
2.430817463135956848e-06
2.430817463135956001e-06
2.430817463135956848e-06
2.430817463135956001e-06
2.430817463135956848e-06
2.430817463135956001e-06
2.430817463135956848e-06
2.430817463135956001e-06
2.430817463135956848e-06
2.430817463135956001e-06
2.430817463135956848e-06
2.430817463135956001e-06
