9.772779042239715245e-05
1.339216889894396053e-05
1.285556213949461068e-05
1.282482303934718678e-05
1.282194990195391884e-05
1.282514250104960240e-05
1.282151491216166203e-05
1.282121052852727401e-05
1.282114904048337625e-05
1.282108187991004962e-05
1.282108061823814050e-05
1.282108061823813881e-05
1.282108061823814050e-05
1.282108061823813881e-05
1.282108061823814050e-05
1.282108061823813881e-05
1.282108061823814050e-05
1.282108061823813881e-05
1.282108061823814050e-05
1.282108061823813881e-05
1.282108061823814050e-05
1.282108061823813881e-05
1.282108061823814050e-05
1.282108061823813881e-05
1.282108061823814050e-05
1.282108061823813881e-05
1.282108061823814050e-05
1.282108061823813881e-05
1.282108061823814050e-05
1.282108061823813881e-05
1.282108061823814050e-05
1.282108061823813881e-05
1.282108061823814050e-05
1.282108061823813881e-05
1.282108061823814050e-05
1.282108061823813881e-05
1.282108061823814050e-05
1.282108061823813881e-05
1.282108061823814050e-05
1.282108061823813881e-05
1.282108061823814050e-05
1.282108061823813881e-05
1.282108061823814050e-05
1.282108061823813881e-05
1.282108061823814050e-05
1.282108061823813881e-05
1.282108061823814050e-05
1.282108061823813881e-05
1.282108061823814050e-05
1.282108061823813881e-05
1.282108061823814050e-05
