1.148599373385715073e-03
5.933413349411109216e-04
5.779217617317543992e-04
5.772524445161812375e-04
5.767641028101495090e-04
5.765457197713478059e-04
5.763465452795271931e-04
5.762343923863185455e-04
5.762088679043203890e-04
5.762060076170077245e-04
5.762060076170079414e-04
5.762060076170077245e-04
5.762060076170079414e-04
5.762060076170077245e-04
5.762060076170079414e-04
5.762060076170077245e-04
5.762060076170079414e-04
5.762060076170077245e-04
5.762060076170079414e-04
5.762060076170077245e-04
5.762060076170079414e-04
5.762060076170077245e-04
5.762060076170079414e-04
5.762060076170077245e-04
5.762060076170079414e-04
5.762060076170077245e-04
5.762060076170079414e-04
5.762060076170077245e-04
5.762060076170079414e-04
5.762060076170077245e-04
5.762060076170079414e-04
5.762060076170077245e-04
5.762060076170079414e-04
5.762060076170077245e-04
5.762060076170079414e-04
5.762060076170077245e-04
5.762060076170079414e-04
5.762060076170077245e-04
5.762060076170079414e-04
5.762060076170077245e-04
5.762060076170079414e-04
5.762060076170077245e-04
5.762060076170079414e-04
5.762060076170077245e-04
5.762060076170079414e-04
5.762060076170077245e-04
5.762060076170079414e-04
5.762060076170077245e-04
5.762060076170079414e-04
5.762060076170077245e-04
5.762060076170079414e-04
