2.174177576443362550e-05
4.570675437102069873e-06
2.989309277809301437e-06
2.965202861173577490e-06
2.929394407874062616e-06
2.928350777197599499e-06
2.936171796744152025e-06
2.933310000245438596e-06
2.933402507496933939e-06
2.933487478805494083e-06
2.934002371482775335e-06
2.935071004522768750e-06
2.940077346116116578e-06
2.949132213365186528e-06
2.948009201444271539e-06
2.947833714540054733e-06
2.947833714540054733e-06
2.947833714540054733e-06
2.947833714540054733e-06
2.947833714540054733e-06
2.947833714540054733e-06
2.947833714540054733e-06
2.947833714540054733e-06
2.947833714540054733e-06
2.947833714540054733e-06
2.947833714540054733e-06
2.947833714540054733e-06
2.947833714540054733e-06
2.947833714540054733e-06
2.947833714540054733e-06
2.947833714540054733e-06
2.947833714540054733e-06
2.947833714540054733e-06
2.947833714540054733e-06
2.947833714540054733e-06
2.947833714540054733e-06
2.947833714540054733e-06
2.947833714540054733e-06
2.947833714540054733e-06
2.947833714540054733e-06
2.947833714540054733e-06
2.947833714540054733e-06
2.947833714540054733e-06
2.947833714540054733e-06
2.947833714540054733e-06
2.947833714540054733e-06
2.947833714540054733e-06
2.947833714540054733e-06
2.947833714540054733e-06
2.947833714540054733e-06
2.947833714540054733e-06
