7.713895908727536489e-04
1.081005890904627152e-04
9.439129120443179560e-05
9.058759339133135686e-05
8.967976834977668611e-05
8.758228132645818492e-05
8.500119059113589936e-05
8.026994896623108953e-05
7.946792747610147069e-05
7.952405295667106422e-05
8.110769341832388065e-05
8.093947236891480869e-05
8.090546544306306408e-05
7.799206201100690613e-05
7.920654839911615743e-05
8.057300230199579546e-05
7.842596778091403718e-05
7.822778783554546725e-05
7.850969082030283459e-05
7.848022450133327547e-05
7.689615858077317764e-05
7.711676365390948825e-05
7.711049168104209791e-05
7.720302221355377671e-05
7.720027063012753997e-05
7.722788662031430072e-05
7.782498159176437871e-05
7.773901051741230819e-05
8.135153958189794872e-05
8.033662387802087055e-05
8.027685209875791504e-05
8.084869383532829851e-05
8.077522856101100395e-05
8.080521506245698859e-05
8.081124577176183822e-05
8.080563771795763392e-05
8.031448279218145409e-05
8.031044433508442780e-05
8.031781719460804074e-05
8.030879027300657114e-05
8.029829958290859309e-05
8.033529019829173000e-05
8.036481411729167953e-05
8.036821072174342656e-05
8.035677557728395607e-05
8.035677557728396962e-05
8.035677557728395607e-05
8.035677557728396962e-05
8.035677557728395607e-05
8.035677557728396962e-05
8.035677557728395607e-05
