2.585138394139950557e-04
1.078912607139346271e-04
6.804253851902098522e-05
6.559567657183170602e-05
6.648656428227604331e-05
6.588865837628669236e-05
6.593179229369143155e-05
6.590452391679746261e-05
6.589427174714085182e-05
6.591423401184571466e-05
6.591423401184571466e-05
6.591423401184571466e-05
6.591423401184571466e-05
6.591423401184571466e-05
6.591423401184571466e-05
6.591423401184571466e-05
6.591423401184571466e-05
6.591423401184571466e-05
6.591423401184571466e-05
6.591423401184571466e-05
6.591423401184571466e-05
6.591423401184571466e-05
6.591423401184571466e-05
6.591423401184571466e-05
6.591423401184571466e-05
6.591423401184571466e-05
6.591423401184571466e-05
6.591423401184571466e-05
6.591423401184571466e-05
6.591423401184571466e-05
6.591423401184571466e-05
6.591423401184571466e-05
6.591423401184571466e-05
6.591423401184571466e-05
6.591423401184571466e-05
6.591423401184571466e-05
6.591423401184571466e-05
6.591423401184571466e-05
6.591423401184571466e-05
6.591423401184571466e-05
6.591423401184571466e-05
6.591423401184571466e-05
6.591423401184571466e-05
6.591423401184571466e-05
6.591423401184571466e-05
6.591423401184571466e-05
6.591423401184571466e-05
6.591423401184571466e-05
6.591423401184571466e-05
6.591423401184571466e-05
6.591423401184571466e-05
