7.863548444714819593e-04
1.604136949643467688e-04
1.578498979733539587e-04
1.578550284034989934e-04
1.577449565564617790e-04
1.577585979575634042e-04
1.577701677612339704e-04
1.577914853615783558e-04
1.577410560165358174e-04
1.577510015269664614e-04
1.577165162771313085e-04
1.576933820163792059e-04
1.576429428339531284e-04
1.576973342865977431e-04
1.576800210924320491e-04
1.576986641546643231e-04
1.576951959177605174e-04
1.576843070165785318e-04
1.576338841176007854e-04
1.576136192462146868e-04
1.575996250440384657e-04
