1.183923318333899362e-04
2.678894166381906594e-05
1.520219619620483890e-05
1.520630876646616567e-05
1.518783863727332309e-05
1.517256020025950702e-05
1.519897073834441125e-05
1.516706491282869024e-05
1.515138678111652009e-05
1.514252960091592900e-05
1.515802369128495463e-05
1.515786099320549233e-05
1.512558694755419910e-05
1.512669256602844409e-05
1.513558107922084781e-05
1.514012830387210678e-05
1.512862073361830103e-05
1.513692793672631930e-05
1.512351004397452944e-05
1.512861767583874149e-05
1.513776314685043047e-05
1.514585121771074162e-05
1.513029610486793609e-05
1.513922580293076304e-05
1.513506897761765278e-05
1.512217193487829849e-05
1.512046016044654541e-05
1.511077414096811040e-05
1.513289104253620648e-05
1.512427224436675413e-05
1.511745129448035686e-05
1.512029009630437744e-05
1.511980827647557810e-05
1.511268295425762418e-05
1.511354063167297352e-05
1.511984141821448882e-05
1.511096368728955390e-05
1.513733170749219034e-05
1.514013542147062988e-05
1.513169098191423538e-05
1.512200469026439549e-05
1.512063963589648232e-05
1.513977434316328008e-05
1.512338303125519396e-05
1.513239838165451179e-05
1.515412410315215525e-05
1.513004564231284501e-05
1.511050397140441303e-05
1.512563909789638143e-05
1.513007105029411272e-05
1.511085095580748635e-05
