1.914186749474060123e-05
4.608012269393121655e-06
4.283464765691774908e-06
4.270011559215684117e-06
4.271074823013572334e-06
4.297141679445723142e-06
4.307680168770031211e-06
4.316418520473309444e-06
4.310671290524140507e-06
4.313145366955164192e-06
4.310320672250173374e-06
4.310837723691422009e-06
4.310995509074453783e-06
4.308946962505998258e-06
4.307935149884419499e-06
4.309031374865909335e-06
4.308858894672916554e-06
4.308558186731680897e-06
4.308555339700453488e-06
4.308555339700454335e-06
4.308555339700453488e-06
4.308555339700454335e-06
4.308555339700453488e-06
4.308555339700454335e-06
4.308555339700453488e-06
4.308555339700454335e-06
4.308555339700453488e-06
4.308555339700454335e-06
4.308555339700453488e-06
4.308555339700454335e-06
4.308555339700453488e-06
4.308555339700454335e-06
4.308555339700453488e-06
4.308555339700454335e-06
4.308555339700453488e-06
4.308555339700454335e-06
4.308555339700453488e-06
4.308555339700454335e-06
4.308555339700453488e-06
4.308555339700454335e-06
4.308555339700453488e-06
4.308555339700454335e-06
4.308555339700453488e-06
4.308555339700454335e-06
4.308555339700453488e-06
4.308555339700454335e-06
4.308555339700453488e-06
4.308555339700454335e-06
4.308555339700453488e-06
4.308555339700454335e-06
4.308555339700453488e-06
