1.376225362935703481e-04
4.652803633418531364e-05
4.245028485343284904e-05
5.292491971375314384e-05
5.356523606346187531e-05
5.288782227320645092e-05
5.287509853752527791e-05
5.281345562758950124e-05
5.284685718761436855e-05
5.284875328487546187e-05
5.278176386700680629e-05
5.286338952215347659e-05
5.146568009137920474e-05
5.160819112226467975e-05
5.159146408850907184e-05
5.159051673566785113e-05
5.159110802987628520e-05
5.159051673566785113e-05
5.159110802987628520e-05
5.159051673566785113e-05
5.159110802987628520e-05
5.159051673566785113e-05
5.159110802987628520e-05
5.159051673566785113e-05
5.159110802987628520e-05
5.159051673566785113e-05
5.159110802987628520e-05
5.159051673566785113e-05
5.159110802987628520e-05
5.159051673566785113e-05
5.159110802987628520e-05
5.159051673566785113e-05
5.159110802987628520e-05
5.159051673566785113e-05
5.159110802987628520e-05
5.159051673566785113e-05
5.159110802987628520e-05
5.159051673566785113e-05
5.159110802987628520e-05
5.159051673566785113e-05
5.159110802987628520e-05
5.159051673566785113e-05
5.159110802987628520e-05
5.159051673566785113e-05
5.159110802987628520e-05
5.159051673566785113e-05
5.159110802987628520e-05
5.159051673566785113e-05
5.159110802987628520e-05
5.159051673566785113e-05
5.159110802987628520e-05
