1.886922997663616570e+02
7.197100299095025377e+01
2.443976621219307077e+01
2.443976621219309919e+01
2.443976621219309919e+01
2.443976621219309919e+01
2.443976621219309919e+01
2.443976621219309919e+01
2.443976621219309919e+01
2.443976621219309919e+01
2.443976621219309919e+01
2.443976621219309919e+01
2.443976621219309919e+01
2.443976621219309919e+01
2.443976621219309919e+01
2.443976621219309919e+01
2.443976621219309919e+01
2.443976621219309919e+01
2.443976621219309919e+01
2.443976621219309919e+01
2.443976621219309919e+01
2.443976621219309919e+01
2.443976621219309919e+01
2.443976621219309919e+01
2.443976621219309919e+01
2.443976621219309919e+01
2.443976621219309919e+01
2.443976621219309919e+01
2.443976621219309919e+01
2.443976621219309919e+01
2.443976621219309919e+01
2.443976621219309919e+01
2.443976621219309919e+01
2.443976621219309919e+01
2.443976621219309919e+01
2.443976621219309919e+01
2.443976621219309919e+01
2.443976621219309919e+01
2.443976621219309919e+01
2.443976621219309919e+01
2.443976621219309919e+01
2.443976621219309919e+01
2.443976621219309919e+01
2.443976621219309919e+01
2.443976621219309919e+01
2.443976621219309919e+01
2.443976621219309919e+01
2.443976621219309919e+01
2.443976621219309919e+01
2.443976621219309919e+01
2.443976621219309919e+01
