1.073463806193420810e-03
7.787343053659259067e-04
7.296177455429579944e-04
6.752819302468495094e-04
6.422099552306940540e-04
6.226188322668901919e-04
6.154925933156574908e-04
6.244814339963951095e-04
6.295372165585641586e-04
6.327454231025612203e-04
6.328474957314308069e-04
6.326447420039419279e-04
6.316696749276427044e-04
6.316071174982494782e-04
6.311657413191816514e-04
6.279865431422505502e-04
6.247713176583083883e-04
6.225795453216201661e-04
6.220357200593033646e-04
6.210511299065494531e-04
6.208506213785939176e-04
6.206927086501615003e-04
6.213824826365617598e-04
6.215774222192891555e-04
6.215241686632608014e-04
6.215241686632616688e-04
6.215241686628837159e-04
6.215241686632605846e-04
6.215241686632616688e-04
6.215241686632616688e-04
6.215241686628828486e-04
6.215241686632616688e-04
6.215241686632616688e-04
6.215241686632605846e-04
6.215241686628837159e-04
6.215241686632616688e-04
6.215241686632608014e-04
6.215241686632616688e-04
6.215241686628837159e-04
6.215241686632605846e-04
6.215241686632616688e-04
6.215241686632616688e-04
6.215241686628828486e-04
6.215241686632616688e-04
6.215241686632616688e-04
6.215241686632605846e-04
6.215241686628837159e-04
6.215241686632616688e-04
6.215241686632608014e-04
6.215241686632616688e-04
6.215241686628837159e-04
