2.371826887191311184e-02
1.153814138449715289e-02
3.205128205128202415e-03
1.538461538466791463e-02
2.307692307687054731e-02
6.410256410256402228e-03
3.205128205132420829e-03
1.667141750412040255e-02
8.333076525234789714e-03
3.841659816794451392e-03
2.315499909006012158e-02
7.616012972630452002e-03
7.690526398847890958e-03
1.282051282051092575e-02
3.205128205130077217e-03
1.794871797895420534e-02
4.487179456943255797e-03
2.243660866751722924e-02
7.692307640323808524e-03
8.332622153697424178e-03
7.615894615870456852e-03
1.153845001234123264e-02
7.606898017370495463e-05
1.923112485315306777e-02
3.846153846153846367e-02
1.147506784325420283e-02
2.057621412989416032e-02
6.339371622503507133e-05
6.346862772165067987e-03
3.525641025641026299e-02
3.205128205128202415e-03
3.846153846153846367e-02
2.182702395446558738e-02
3.814073510127624893e-03
3.173044658667016626e-03
3.201312930000543556e-05
9.615383208978228735e-03
3.205128205086014807e-03
1.987180537340648562e-02
1.538460488304596238e-02
1.153730892545690341e-02
5.129991678401452614e-03
1.153782760131091822e-02
3.846153846151904344e-03
6.410256410217285081e-03
3.846153846153846367e-02
7.132578194068232499e-03
5.597294982843814418e-04
7.132578194023333519e-03
2.363665257516251589e-02
2.482806421625275654e-03
3.597873203991319019e-02
1.538461542129975108e-02
2.307692304023871432e-02
2.115708744626650095e-02
7.685508926085513580e-03
9.618942089186451744e-03
1.153846153845766720e-02
2.692307692308079300e-02
3.205128205362111661e-03
1.923076923076650138e-02
2.645398701894506686e-03
7.692307692569408731e-03
5.687934630945939984e-03
2.242130900670778054e-02
1.458842918820072092e-05
8.347921762343704991e-03
4.486815690590721661e-03
3.190903572708055601e-03
8.974358974297777861e-03
8.221027127871712500e-06
2.306870204985639328e-02
6.410256410256421310e-03
2.692275995433750582e-02
8.333650302072758906e-03
3.205128205128202415e-03
3.846153846153846367e-02
3.846153846153846367e-02
