2.158579374508360835e-02
6.985634873317744624e-03
5.952380482876295327e-04
4.125000043496912457e-05
4.125416666209384339e-03
8.333333333437505097e-03
2.222221377961418678e-02
2.777786220281642723e-03
2.073903819128882983e-02
3.070485712418783222e-03
9.429514199240385535e-05
9.429514287633316422e-03
2.222222222216047385e-02
1.111111111117286075e-02
2.857142857125864743e-02
4.761904762074688040e-03
8.250008250882760394e-03
8.332508255474410696e-05
1.397221397127774122e-02
1.102778602861808482e-02
2.498821402546612825e-03
1.178689274177299739e-02
3.104357816280879992e-03
1.106348504350939885e-02
1.178571415702610141e-04
4.714304710522150554e-03
4.761447713103190407e-05
4.761918904795693630e-03
1.428570014278923023e-02
1.428571428574840901e-02
3.333333333333333287e-02
3.333333333333333287e-02
4.761904762074840695e-03
2.440476194571533988e-02
4.166666625543155762e-03
3.333333333333333287e-02
4.125412506058165167e-03
4.125412467099828529e-05
6.985698605114666962e-03
2.218096809748950141e-02
4.166666666822916622e-03
6.944856944373126693e-03
2.222180972213729303e-02
9.429514286623344801e-03
9.428571436315980861e-05
2.976200000007665769e-03
1.130952390271329315e-02
9.428571342106965272e-05
9.429523716204802480e-03
1.428462214263208525e-02
1.101571517368738092e-06
7.951428578495120319e-05
9.444285809487270797e-03
7.858085903743422876e-03
1.665723620168239275e-03
2.499999999989583471e-02
8.333333333437494689e-03
4.714775863083764141e-05
4.714771146165027543e-03
6.285706578447607692e-05
1.422284307700466197e-02
1.100110628675748763e-02
3.284607998990845927e-03
3.333333333333333287e-02
1.428571419146261803e-02
1.428571419136059721e-02
4.761904950510117626e-03
3.333333333333333287e-02
2.222222222216046691e-02
1.111111111117286422e-02
1.587144522909959658e-03
2.579522102603436055e-03
1.100000109224758421e-06
1.964175727808483915e-02
9.522866478153632630e-03
9.429514722401898001e-07
3.333333333333333287e-02
2.380952387676876086e-02
9.523809456564572007e-03
2.083333333328124884e-02
1.250000000005208403e-02
3.175703174681306518e-03
1.111001111106695027e-02
1.904651904747915736e-02
1.100000105917901772e-06
1.666666666666666644e-02
1.666666666666666297e-02
1.250000000005207362e-02
2.083333333328125578e-02
3.333333333333333287e-02
