1.666666161131834245e-02
5.555560609585019800e-03
1.666667172090404575e-02
1.111110577909620728e-02
5.555555834651938057e-03
1.111110011112211547e-02
1.111112211110124731e-02
3.333333333333218795e-02
2.222222222222221960e-02
1.111111089112219556e-02
1.111111111221103030e-02
1.111111133000010701e-02
1.099999999913331764e-04
1.100111111024309855e-02
2.777777777777777277e-02
1.089111089023179005e-02
1.100001097683054788e-04
5.665555667543258588e-03
1.110888899778933112e-02
1.111111100221088416e-02
1.111333333003202903e-02
1.111111122442316919e-02
1.111111100110013898e-02
4.444444444334112038e-02
1.111111111221443210e-02
4.444444444555544632e-02
1.111111111000010962e-02
1.650001105444634519e-02
1.666666105608127573e-04
2.222220000000306298e-04
2.222221666609277082e-04
2.199999999556717309e-02
5.333322617205827829e-03
5.499989166648318675e-03
5.611121944466112253e-03
5.555555555555555247e-02
5.555555555555555247e-02
5.555555555555555247e-02
5.555555555555555247e-02
2.222224438997750032e-02
5.555533386425276846e-03
5.555577669130559899e-03
1.111110011001109274e-02
1.111110000001112701e-02
5.555555555555555247e-02
2.777777805554153268e-02
2.777777750001401980e-02
2.777666677776744614e-02
1.666777766667372832e-02
1.111111111111437628e-02
1.111111111067443306e-02
1.111111111000290079e-02
3.333333333487821515e-02
5.555555555555555247e-02
