1.728110599078323123e-03
1.728110599078357384e-03
1.267281105990783301e-02
1.612903225806451568e-02
1.612903225806451568e-02
1.728108871067432495e-03
1.267281278799186305e-02
1.728110599005220575e-03
1.612903225806451568e-02
9.216589861751153800e-03
1.728110599078340470e-03
5.184331797235021411e-03
1.612903225806451568e-02
1.440092165898617348e-02
1.728110599078340253e-03
1.267281105990782780e-02
3.456221198156686578e-03
6.895335853638755001e-03
5.777475206270424150e-03
1.710831203922146047e-05
1.711002287039302145e-03
1.711000587499027356e-03
1.711001157778577515e-05
1.612903225806451568e-02
1.612903225806451568e-02
7.448160673967043309e-03
4.648613519581293145e-03
4.031858870575686174e-05
3.991939475810420482e-03
5.161292626100168722e-03
2.303917113481479244e-05
1.728110581973057148e-05
1.710829493258597027e-03
1.728110599078327677e-03
5.760368663767344126e-03
1.157834101152668219e-03
5.702764977528656035e-04
1.209677665310830708e-02
4.032255604956209473e-03
8.640552995392635632e-03
4.049537451207572795e-03
1.710831212387496376e-03
1.710831186981681120e-03
1.727941209512734848e-05
5.760368523061961017e-03
5.184332748578630336e-03
5.184330986423925196e-03
4.608294930414797916e-03
9.216589885253399089e-03
4.031858830245237639e-05
1.687791993494793061e-03
5.760368605990726218e-04
1.612903225806451568e-02
1.728108870994107251e-03
1.036866178581327680e-02
4.032261601257131414e-03
1.612903225806451568e-02
1.728110607021477504e-03
8.640553012296339763e-03
1.140667057145500511e-03
5.874435327676821774e-04
2.304147458920332604e-03
1.710829495310267899e-05
1.711002294960080111e-03
1.612903225806451568e-02
1.612903225806451568e-02
5.731419092726314658e-04
5.789318119608996430e-04
1.157834325720967289e-03
1.381912421111001869e-02
1.612903225806451568e-02
9.216589861751089616e-03
6.912442396313425198e-03
4.614053337851187035e-03
1.728109648604540544e-03
1.728111359434803592e-03
1.722349853443381042e-03
5.760371198115119169e-03
5.760368606154852742e-04
1.612903225806451568e-02
1.711000593146863287e-03
1.169183721295627247e-03
1.711002517577734334e-05
1.323173791844624650e-02
1.612903225806451568e-02
1.152073722058026203e-03
1.727995586061925517e-03
1.209677269122042507e-02
1.152190258724137802e-03
1.612903225806451568e-02
5.184331797235100341e-03
5.703052040082854258e-04
1.711087273891272968e-03
1.174828720260509161e-03
1.711002287208506206e-03
1.710831186984554378e-05
3.461173890574201304e-03
5.710841739401797739e-04
1.722293569732304152e-05
1.710887663379289346e-03
1.440092165898618909e-02
1.728110599078326159e-03
4.608294913306994894e-03
1.728110598905730063e-03
9.792626745851792242e-03
1.728110599078574658e-03
1.440092165898594102e-02
1.710831227971315984e-03
1.169353104343159692e-03
1.727937791041137406e-05
1.323156854783962694e-02
1.612903225806451568e-02
8.064516111118167491e-03
1.728110598907257704e-03
1.728110617168081330e-03
4.608294930871007639e-03
1.612903225806451568e-02
1.710886537905087880e-03
1.722406117361917224e-05
5.760368667017397130e-04
1.710829510196201992e-03
1.728108870971144419e-05
9.245391680756318009e-03
1.140553004845456814e-03
1.710829507776381788e-03
1.267281067180978972e-02
1.728110784116992189e-03
1.728110802137735724e-03
1.152072580760830998e-03
1.728110581970247099e-03
1.324884909533343910e-02
1.612903225806451568e-02
1.711000593147273766e-03
1.711000593149456062e-05
1.727939515959696766e-05
1.710831203917460722e-03
1.710829500295633793e-05
2.863073168563746995e-03
9.792629596341988554e-03
5.184333542939091426e-03
1.094469871512542339e-02
1.728110599078523700e-03
1.728110599078523700e-03
4.608294931393313795e-03
1.710829510140908142e-05
1.711002303918376238e-03
1.728110599079093991e-03
1.716532275131922016e-03
1.157832377380807400e-05
5.704493084110219808e-04
1.157661290494708299e-03
1.152073732603815489e-03
1.612903225806451568e-02
8.064512644642744810e-03
8.064519613421770872e-03
1.612903225806451568e-02
3.456219453110249366e-03
2.880187245910225541e-03
1.728110581970187035e-03
6.336404395103672343e-03
1.728110581970180746e-03
1.612903225806451568e-02
1.612903225806451568e-02
9.775515782475744167e-03
1.727939649409240093e-03
1.157832474182319959e-05
1.728110732430482733e-03
5.817403035711460552e-04
5.760368663594514493e-04
1.710998882149285849e-05
1.140665938541943723e-03
5.703346717131935629e-04
1.612903225806451568e-02
1.612903225806451568e-02
1.728108871006022850e-03
1.440092338705849413e-02
3.456221198156692216e-03
1.267281105990782260e-02
1.440092165898421497e-02
1.728110599080300708e-03
9.181859931787795040e-03
3.472983779743334939e-05
1.728110691244237997e-03
1.762669428974813482e-03
3.421662368260235034e-03
1.612903225806451568e-02
