3.174603174602391026e-02
2.380952380953163874e-02
5.555555555555555247e-02
1.587301587300457908e-02
3.968253968255096992e-02
5.555555555555555247e-02
7.936507936501285138e-03
7.936507857150771131e-03
3.968253976190349447e-02
1.587301587301570907e-02
3.968253968253983993e-02
3.968253968254750741e-02
1.587301587300804853e-02
5.555555555555555247e-02
5.555555555555555247e-02
5.555555555555555247e-02
4.761904761903978239e-02
7.936507936515780487e-03
2.380952191088793468e-02
7.936509880952997628e-03
1.587301589511915662e-02
7.936507868595458343e-03
2.380952380952388106e-02
2.380952380952388453e-02
7.936507936507785146e-03
1.587301579308409219e-02
1.587300000031759833e-02
2.380953976215386542e-02
5.555555555555555247e-02
5.555555555555555247e-02
5.555555555555555247e-02
1.587301587300915529e-02
1.587301587300915529e-02
1.587300015715869053e-02
7.936523652378547899e-03
