3.333333333333333287e-02
3.333333333333333287e-02
1.212121212121182977e-02
2.121212121212150484e-02
1.515151515135002187e-02
7.071807070883296895e-03
1.111001111110001410e-02
6.060600000000009729e-03
1.060606666666678681e-02
1.666666666666653460e-02
2.083333333333315524e-02
6.060600000006224376e-03
6.439399999993949790e-03
1.818181818181836135e-02
3.030303030302810424e-03
1.212121212121215937e-02
1.249999999999991049e-02
3.030303208333289672e-03
1.780303012500013271e-02
1.102860286110286456e-02
1.388888072139711320e-02
8.251641750000550857e-05
8.250825000825127390e-05
8.250825083325094914e-03
9.090909090900420320e-03
7.659085668860662541e-03
3.340925331150358668e-03
4.909079659088561726e-03
8.332500249983412668e-05
8.250008580833495531e-03
4.166666666666629312e-03
4.166662502916433988e-03
2.500000416375027304e-02
1.212121212121202059e-02
1.111110021158728811e-02
1.010102100053402417e-02
3.333333333333333287e-02
1.249999999922656035e-02
2.083333333410677252e-02
3.030303030312353138e-03
3.030303030302097800e-02
5.110505110518299803e-03
7.389494890740038943e-03
5.050501462082095452e-03
9.722225809392779500e-03
6.000606000600179103e-03
6.000005999994153334e-05
1.818181818181824339e-02
1.515151515151508775e-02
1.111110511050000457e-02
1.616162216222729112e-02
6.060606060606038049e-03
1.818181818181840298e-02
1.515151515151493163e-02
3.333333333333333287e-02
4.166666666662498936e-03
2.916666666667083394e-02
2.020211112401829653e-03
2.222221313002219548e-02
4.924242424245738048e-03
4.166666666663564923e-03
3.787887119941294074e-03
1.100000011001097538e-02
1.962111583338269072e-03
8.250001185446956264e-03
8.333225000445837309e-05
8.250001084591380637e-03
1.212121212121190783e-02
2.121212121212142851e-02
3.333333333333333287e-02
4.166666666666617169e-03
4.166662575178147962e-03
1.805555960648583258e-02
6.944444485002736027e-03
1.111110000111111516e-02
1.010112120101115110e-03
9.090909090908969037e-03
1.212121212121213334e-02
2.222222222222235144e-02
1.111111111111098317e-02
1.666666674999175285e-02
8.333333250008340479e-03
8.333333333333241277e-03
2.215221590005018656e-03
6.875687500900091488e-03
1.579907984055045622e-02
4.166666625000065884e-03
1.100111102110192668e-04
4.125416666666695340e-05
4.125412500000012923e-03
