1.748251748251771279e-02
6.993006993006740599e-03
6.993006993007009481e-03
6.993006993007004277e-03
6.993006993007031165e-03
6.993006923083657650e-03
2.447552454544777920e-02
3.846153846153846367e-02
3.496503496469224870e-02
3.496503496846216710e-03
2.447552447552472921e-02
1.398601398601373273e-02
2.447552620663070999e-02
3.496501765387092196e-03
3.496503496502194157e-03
3.496505192663370513e-03
3.496501800355100286e-03
1.048951042097613987e-02
6.993007061541154853e-03
6.993006993007243668e-03
6.993006993006929684e-03
6.993006993006998205e-03
2.797202797237047928e-02
1.048951048916798440e-02
6.993006995461415951e-03
1.048951048915392620e-02
6.993006992307706886e-03
6.993006992307707753e-03
6.993006992307703416e-03
1.748251748217498347e-02
2.097902097936348020e-02
3.146853146834392018e-02
6.993006993194542630e-03
3.846153846153846367e-02
3.846153846153846367e-02
3.496503496503475250e-02
3.496503496503714642e-03
3.846153846153846367e-02
1.048951048985602083e-02
1.048951048846502240e-02
3.496503496500667600e-03
1.398601398671675544e-02
3.146853146840431631e-02
6.993006993134149099e-03
6.993006993006875040e-03
6.993006923769244654e-03
2.447552454476234832e-02
3.496503496154570317e-03
3.496503496538389683e-02
6.993006993349633847e-03
3.496503426933617129e-03
3.496503496499796335e-03
2.447552454475541636e-02
3.496503530412570400e-03
6.993006923776230385e-03
3.496503461888134275e-03
6.993006992653851873e-03
6.993007063653789573e-03
3.496503496153880331e-03
3.496506957862060855e-03
3.496500035137945113e-03
3.496503496160827031e-03
3.496503496500142846e-03
3.146853146887749336e-02
3.846153846153846367e-02
1.398601398635655052e-02
3.496503564716906681e-03
6.993006924115400050e-03
1.398601398634960816e-02
1.048950163050682040e-02
6.993007020839299773e-03
6.993015894807609947e-03
6.993006992307706018e-03
6.993006923077018863e-03
1.398601398683992948e-02
6.993006992374475525e-03
6.993006992809460039e-03
1.048951048951459776e-02
