2.272727261363079176e-02
2.272727284091466751e-02
4.545454545454545581e-02
2.840909102306747591e-02
1.704545443147797296e-02
1.704545454545453725e-02
2.840909090909091855e-02
3.409090920453557855e-02
1.136363625000987899e-02
1.136363636362515937e-02
3.409090909092029470e-02
3.977272715906279843e-02
5.681818295482655642e-03
4.545454545454545581e-02
1.704545454546578867e-02
2.840909090907966714e-02
4.545454545454545581e-02
1.136363647727265877e-02
3.409090897727279357e-02
4.545454545454545581e-02
3.977272732954190843e-02
5.681818125003547382e-03
4.545454545454545581e-02
4.545454545454545581e-02
3.409090909092016980e-02
1.136363636362528427e-02
4.545454545454545581e-02
1.704545447409425499e-02
1.136363666203609075e-02
1.704545431841510833e-02
1.704545454546014388e-02
1.704545454546014388e-02
5.681818181812774843e-03
5.681818181812400143e-03
3.409090909090923410e-02
1.136363636363622170e-02
4.545454545454545581e-02
4.545454545454545581e-02
