5.555555555555555247e-02
5.555555555555555247e-02
2.380952372017570290e-02
1.587301591768992132e-02
1.587301591768992132e-02
5.555555555555555247e-02
1.587301587189503954e-02
1.587300015715921095e-02
2.380953952650130198e-02
5.555555555555555247e-02
2.380952380952454026e-02
2.380950023809425345e-02
7.936531507936757032e-03
5.555555555555555247e-02
2.380952380952189307e-02
1.587301587301626765e-02
1.587301587301739175e-02
3.968253976110570208e-02
7.936507857938939273e-03
7.936507936510923261e-03
3.174603174602903810e-02
7.936507935724351065e-03
7.936507938078667460e-03
7.936507935723501050e-03
5.555555555555555247e-02
1.587301571430329780e-02
1.587301571430216329e-02
2.380952412695009138e-02
5.555555555555555247e-02
5.555555555555555247e-02
3.174603174602884381e-02
1.587301587380216678e-02
7.936507935724545354e-03
3.968253968366038803e-02
1.587301587189516444e-02
5.555555555555555247e-02
