3.846153846153610011e-03
1.748251748213655241e-02
1.398601398600005097e-02
1.498501484224386672e-03
1.648351663023870338e-03
1.153846153846180278e-02
2.692307692307665742e-02
1.398608461528933963e-03
6.993006923081716494e-03
6.993000000004801799e-03
2.307692307692301228e-02
2.692307692307693845e-02
1.153846153846152349e-02
1.748251748076925030e-02
4.495504459351544642e-03
1.263736270987951028e-02
3.846153811538153243e-03
6.493502701345459961e-03
3.996002677813280564e-03
6.993008271633430369e-03
2.097902481074629191e-02
1.048951045038672841e-02
2.412587408799679242e-02
3.846153923154945007e-03
3.846153846153846367e-02
6.993006995000069712e-03
1.993006992806539701e-02
1.098900000054393346e-02
5.494615379290632758e-04
6.993006954231478084e-03
1.813186128447069959e-02
9.490516415144072820e-03
3.846153807692218388e-03
1.293706296129600031e-02
2.447552423319451081e-03
1.153846153846140900e-02
5.494503016742613780e-03
6.043958521718989507e-03
6.993006993006862897e-03
3.146853146853160338e-02
3.996003995611375169e-03
1.908091908131195197e-02
6.993006993000011606e-03
8.391608391615122328e-03
7.692307692307917381e-03
1.048951041259507666e-02
2.027972035663547223e-02
1.538461533800460600e-02
1.153846156177263868e-02
1.153846156176121726e-02
1.098901098845599111e-02
2.307692307658703104e-02
4.395604396495438916e-03
3.296703296758239643e-02
5.494505493956064641e-03
3.846153846155156517e-03
1.153846153846480385e-02
2.307692307691850200e-02
6.993006993401872443e-03
3.146853146813659297e-02
1.398601398532162317e-02
6.993006992314693485e-03
3.496503496157381437e-03
6.993006993006996470e-03
6.993006994737763909e-03
6.043961484048906464e-03
5.494500054401081114e-03
2.692307692308847783e-02
3.846153846153846367e-02
3.496503496503818031e-02
3.496503496500286828e-03
2.197802197967024113e-02
1.648351648186822602e-02
1.398601384769099058e-02
1.398601536912846832e-03
2.307692307693462452e-02
5.494505494507096952e-03
3.296703296703136499e-02
