1.728110599078340470e-03
5.322580646612866048e-04
9.836405529808783105e-03
1.728110599078340470e-03
5.354921134771817954e-04
1.192618485601158566e-03
5.375801076354648446e-04
3.845675872395879500e-05
5.184331797235049166e-03
1.094470046082946652e-02
6.912442396313389636e-03
1.728110599078340470e-03
7.488479262672785575e-03
5.376344369361112574e-04
5.376344209683696970e-04
4.838709836616389946e-03
5.376344209683707812e-04
5.376344209683699138e-04
5.376344209683699138e-04
5.376344209683699138e-04
5.376344803683720834e-04
5.376344589715969981e-04
5.376344209683699138e-04
5.376344209683699138e-04
5.376344209683699138e-04
5.376344209683688296e-04
5.376344209683699138e-04
5.376344209683694801e-04
5.376344209683699138e-04
5.376344209683675286e-04
5.376344209683707812e-04
5.376344209683699138e-04
1.612902730646496256e-03
1.451612903239092416e-02
1.612903225673591743e-03
1.612903225806451568e-02
1.267281277017514966e-02
1.710829527582484943e-03
1.727936094753906109e-05
1.728107205782963255e-05
1.710829527301513733e-03
3.456221198156687012e-03
1.075161301075431121e-03
1.159764975883239776e-02
1.386334100850154620e-02
5.375806504846310707e-04
1.728110599078340470e-03
1.728110599078340470e-03
2.687999250314345150e-03
1.171292240867182963e-02
5.376344099862455242e-04
5.376344140313999266e-04
1.397849462227115577e-02
5.376344085491487719e-04
5.376344032265681794e-04
2.150537634195849590e-03
2.150537634621663922e-03
1.009984639027357300e-02
1.728110598973428731e-03
3.456221198156680940e-03
6.336405529953924309e-03
5.798824884738767657e-03
5.375806452151423408e-04
5.184331797235035288e-03
1.094470046082948039e-02
1.728110599078341988e-03
1.267281105990783127e-02
1.728110599078341988e-03
1.728110599078340470e-03
1.440092165898617521e-02
1.612903225806451568e-02
1.075268360983085668e-02
7.680537173580755973e-04
4.608294930875583839e-03
1.612903225806451568e-02
6.912557624187922432e-03
8.064400901157705095e-03
1.152073732718889021e-03
1.612903225806451568e-02
1.129032258064500104e-02
1.958525345622271711e-03
2.880184331797243369e-03
1.612903225806451568e-02
1.612903225806451568e-02
8.602150537492464846e-03
7.526881720572049100e-03
1.612903225806451568e-02
1.075267750599380132e-05
2.869431654291235752e-03
2.918586761512243812e-03
8.602150565676702776e-03
1.064516139572033778e-03
6.635944595063066921e-04
1.067588440856106873e-02
4.301074116784543190e-03
1.152073732718902899e-03
1.612903225806451568e-02
5.760368663594514493e-04
9.139727912883985686e-03
6.413267478821078546e-03
1.152073733953281600e-03
1.728110600929887814e-03
1.728110600929887814e-03
1.728110600929300177e-03
1.728110600929887814e-03
1.728110595054311747e-03
1.728110600929887814e-03
1.728110013372283465e-03
1.728110600929887814e-03
1.152074310105902005e-03
1.236559139812253884e-02
3.763440859941977277e-03
1.612903225806451568e-02
3.193551580964458601e-03
2.626696171922225024e-04
3.225487064859684436e-05
1.264055618925923746e-02
1.612903225806451568e-02
2.304147465437791920e-03
9.677417073109895532e-03
4.147467719516827363e-03
1.612903225806451568e-02
5.760368663594375715e-04
1.233294873292869326e-02
3.220046658776383984e-03
1.612903225806451568e-02
4.032258064516132390e-03
6.183194892473159107e-03
5.913579301075225052e-03
1.728110598962557002e-03
1.728110599078328978e-03
1.728110599078340470e-03
8.640553588825455877e-03
5.760362903225990086e-04
1.728110581797234454e-03
5.322580645167588774e-04
6.380184331796616773e-03
9.216589861751139923e-03
1.612903225806451568e-02
2.281108294928523884e-03
2.303917050925402186e-05
1.115975192012505328e-02
2.665132872501683927e-03
1.728110662660518404e-03
1.728110662660532282e-03
1.728110662660532282e-03
9.216589607422401298e-03
1.728110662660532282e-03
3.840245775730571519e-04
5.376344086021415600e-03
1.036866359447004282e-02
1.612903225806451568e-02
4.032258064516118512e-03
2.150322602150652341e-03
9.946451591397745262e-03
1.612903225806451568e-02
2.697677601120258492e-03
4.790801661552554838e-03
8.592644979095164295e-03
4.790801629653853005e-05
1.612903225806451568e-02
5.760368663594458982e-03
1.612901629032377753e-03
8.755761965437678512e-03
5.376344032354635162e-04
5.376338709773920230e-04
1.505376398385165938e-02
3.725810177936286771e-03
1.458521619298734206e-03
3.763068302571383883e-05
1.090706977780377986e-02
4.915940398898923161e-03
4.300649462852230639e-03
6.912442396313361881e-03
1.612903225806451568e-02
1.612903225806451568e-02
1.075162354960578810e-05
8.629801371842110366e-03
1.064517193654930267e-03
6.423962069017869619e-03
1.612903225806451568e-02
1.612903225806451568e-02
5.913978436055826286e-03
1.021505382200869026e-02
1.612903225806451568e-02
