1.741259433566724746e-02
6.993006993699773036e-03
6.992314615585585181e-05
6.993006992315485386e-03
6.992314616927811208e-05
6.923083847530822448e-03
3.846153846153846367e-02
3.846153846153846367e-02
3.146853146853047928e-02
6.993006993007986130e-03
3.846153846153846367e-02
1.048951048951078484e-02
6.923083848923942442e-03
6.992314616077285774e-05
3.566423074845402868e-03
6.923076923790068109e-03
1.048952097830749101e-02
1.748251748251764340e-02
2.097902097902082028e-02
6.923769302056591302e-03
6.923769233518203771e-05
6.923769299321916619e-05
6.923769299321631474e-03
3.496503496158205430e-03
6.924112045250279985e-05
6.923765873593117244e-03
1.042027279409352830e-02
3.461626839447146976e-03
1.041143510873398641e-04
3.846153846153846367e-02
3.146853146853034050e-02
6.993006993008121439e-03
3.846153846153846367e-02
1.038530091695287136e-02
1.042095715195143224e-04
1.397503306141324037e-02
7.003987917606584179e-03
6.993007096129650712e-05
6.923076923084957660e-03
3.146853146852855027e-02
3.461541958179752175e-05
3.461888076923155984e-03
3.496503496504961041e-03
3.846153846153846367e-02
3.496503496503356595e-02
3.496503496504898591e-03
6.993006993353948104e-03
3.532160873767151415e-03
1.398601395105227366e-02
1.045385314720638330e-02
3.496503496158711102e-03
3.146853153146852294e-02
6.993006930069939862e-03
3.146853146853035438e-02
6.993006993008108428e-03
6.923772796512150420e-03
6.993006990929485564e-03
6.923419718746500026e-05
6.992321538475744806e-05
6.923083779007652670e-03
1.398461538462935153e-02
6.992321537759047868e-05
3.427978882510015080e-03
6.923076990929272027e-03
6.993000138615123370e-05
6.923776086006706507e-03
6.923090769339462216e-05
6.923967108049836007e-05
2.440628480444243659e-02
3.846153846153846367e-02
3.496503468181496373e-03
3.496503465350733839e-03
2.797202800040350310e-02
3.496503527602727764e-03
3.846153846153846367e-02
3.846153846153846367e-02
3.846153846153846367e-02
3.846153846153846367e-02
