3.409091482954530045e-02
5.681812500000204928e-03
5.681818124999953035e-03
4.545454545454545581e-02
3.409090909076689657e-02
1.136363636377855577e-02
5.681818181818259171e-03
1.704545454545453032e-02
2.272727272727266545e-02
5.681817045673762979e-03
2.272727384189723518e-02
1.704545456697445852e-02
1.136364208132098139e-02
1.704545456697423994e-02
1.704544880625023448e-02
1.136363636363639518e-02
3.409090909090906063e-02
1.704543750177565237e-02
2.840910795276979997e-02
4.545454545454545581e-02
2.840909090909092549e-02
1.704545454545453032e-02
1.704545454545453032e-02
1.136363625110099751e-02
5.681818294353656838e-03
1.136363636363626854e-02
4.545454545454545581e-02
1.136363414396989423e-02
1.704545461291901223e-02
1.704545669765654761e-02
4.545454545454545581e-02
4.545454545454545581e-02
4.545454545454545581e-02
1.136363636363639344e-02
1.704545454545453032e-02
1.704545454545453032e-02
1.704545454545453032e-02
5.681818125639039908e-03
1.704545454531248769e-02
5.681818238139399631e-03
4.545454545454545581e-02
4.545454545454545581e-02
4.545454545454545581e-02
4.545454545454545581e-02
