1.680301680302968489e-02
4.500004499999984281e-03
9.090445501797948086e-05
4.409100044982001629e-03
4.500004499999979077e-03
1.515151515151582501e-02
4.545454545454545581e-02
1.010101010101148618e-02
3.535353535353397136e-02
3.535353535353397136e-02
5.555560100561505489e-03
4.545450000449980689e-03
3.636363636363635493e-02
9.090909090909100876e-03
9.090900090009047807e-03
4.545450000454527399e-03
6.565670109555747300e-03
1.010101010301092325e-02
1.515151515151520745e-02
5.050505050507089234e-03
5.050637208608451225e-04
1.313130005136146743e-02
1.363636349999986820e-02
1.313131313181619547e-02
2.525252525152360539e-02
5.555350964795196557e-03
4.545659135215727141e-03
5.556010057558411278e-03
4.545000045452511975e-03
4.545454545454545581e-02
5.050505050062311339e-03
1.409090899686892343e-02
1.313131322586279064e-02
1.318181818175142780e-02
2.525252525252500574e-02
2.020202020202044660e-02
4.545453000446684870e-03
7.710767736095016853e-03
4.545456135470121034e-03
9.000900000900022291e-03
4.500450030449967657e-03
1.506124130169650237e-02
9.027724948714398699e-05
3.535353535403397418e-02
1.010101010051148510e-02
4.545454545454545581e-02
4.545450051462520367e-03
3.535358175901995390e-03
2.727272712628039941e-02
1.010101010090054194e-02
2.272727272727496223e-02
2.272727272727049011e-02
1.818181818179999062e-02
2.727272727274546171e-02
2.525253545452361276e-02
1.010100000001092589e-02
1.010100999101825030e-03
9.090909000909100368e-03
4.090909090909092966e-02
4.545454545454524417e-03
4.545454545454545581e-02
3.030303030002940920e-02
6.060606153607208182e-03
9.090909000908845364e-03
4.545454545454545581e-02
