2.121212121212088034e-02
7.575757501957556921e-03
1.515151588952144603e-03
1.060606060501002694e-02
4.545454546504848307e-03
4.545454545454545581e-02
1.010101010101015738e-02
4.545454545905860434e-03
9.090909090910360285e-03
2.171717171671908031e-02
3.535363636339862881e-03
9.090909090910450491e-03
2.272726272695506020e-02
1.010101000034008614e-02
4.545454545454545581e-02
1.111111999931328753e-02
9.090900000909177964e-03
2.525252545432299378e-02
4.545454545320913413e-03
1.818181818127680843e-02
4.545454546670904712e-03
1.818181818127682578e-02
4.545450135005127228e-03
9.090909000008992255e-03
1.161616611751116988e-02
2.020202020202016557e-02
9.090909090908282086e-03
1.010101010101801134e-03
4.545450045455859921e-03
2.727272725094703407e-02
3.535358057132481201e-03
5.050505050504791593e-03
4.545450020734354696e-03
9.090903977047032694e-03
1.363636827376392413e-02
1.313131813249535269e-02
2.525252525252495717e-02
2.020202020202049864e-02
2.525252525252544289e-02
2.020211200366041088e-03
9.090909000744761340e-03
9.090900000909209189e-03
4.545454545454545581e-02
4.545454545454545581e-02
4.545454545454545581e-02
1.262626272851186636e-02
1.363636353501270111e-02
4.545454545005407979e-03
4.545454545005399305e-03
1.010101010101008279e-02
4.545454500276361991e-03
1.363636368334319483e-02
2.727272727092590332e-02
3.030303028569018148e-02
1.010101014624015942e-02
5.050505022615113179e-03
4.545454545454545581e-02
4.545454545454545581e-02
1.010101010051043559e-02
4.545450045455593641e-03
7.575762024527403320e-03
1.818181803001711269e-02
5.050505254034907965e-03
3.030303030303034897e-02
1.010101010100984860e-02
5.050505050505257366e-03
