5.388333390048799174e-03
2.200000000171195569e-02
1.672221632649763463e-04
5.500555504888828516e-03
5.500005506615401082e-05
2.222222183514785550e-04
2.222222200020502157e-04
2.200000000222131560e-02
5.555555555555555247e-02
1.111111111111443180e-02
1.111111111001175829e-02
1.666666655776509118e-02
1.111111100001063896e-02
5.555555776653632247e-03
5.555555555555555247e-02
5.555555555555555247e-02
1.100001100122200543e-04
1.100111089110114918e-02
3.322333333441551684e-02
1.100001089121798700e-04
1.111111111111448731e-02
2.777777777777777624e-02
2.777777777777777624e-02
2.200222200221981644e-02
2.200002200034360767e-04
2.200002200035089622e-04
2.200222178221741473e-02
1.111111133111137954e-02
5.555555555555555247e-02
2.777777777502777462e-02
2.777777778052777785e-02
5.555555555555555247e-02
1.111111133331116156e-02
2.222222200002108364e-02
1.111111144441226904e-02
1.111111077781103823e-02
5.555555555555555247e-02
1.111111111111443180e-02
1.666665577666519293e-02
1.111111100001165898e-02
1.666667766776427223e-02
1.111111111001036010e-02
5.555555557753975165e-03
5.555555553907138254e-03
5.555555447204439494e-03
1.111111121836077034e-02
5.555555557204493698e-03
1.111111111111437628e-02
5.555555555555555247e-02
1.111111111331093519e-02
1.111111111000991081e-02
1.111111111001128818e-02
2.222222222222342003e-02
5.555555555555555247e-02
