-0.010067 -0.079065 0.000000 0.215778 2.000000
-0.036913 -0.099109 0.000000 0.369300 3.000000
0.003356 0.916481 0.000000 0.222631 2.000000
0.043624 1.143650 0.000000 0.747059 3.000000
0.003356 -0.079065 0.000000 0.214398 2.000000
0.036913 -0.099109 0.000000 0.371431 3.000000
0.016779 0.415367 0.000000 0.278939 2.000000
-0.003356 0.321826 0.000000 0.744619 3.000000
-0.130872 0.689310 0.000000 0.315465 2.000000
-0.171141 0.682628 0.000000 0.513105 3.000000
-0.043624 0.662584 0.000000 0.388567 2.000000
-0.030201 0.809577 0.000000 0.561654 3.000000
-0.023490 0.542316 0.000000 0.707368 3.000000
-0.016779 -0.206013 0.000000 0.000000 0.000000
