0.016779 0.963252 0.000000 0.226923 2.000000
0.057047 1.190420 0.000000 0.734260 3.000000
-0.010067 -0.079065 0.000000 0.215126 2.000000
-0.036913 -0.099109 0.000000 0.369033 3.000000
-0.003356 0.709354 0.000000 0.372550 2.000000
0.023490 0.562361 0.000000 0.669510 3.000000
0.003356 -0.079065 0.000000 0.214324 2.000000
0.036913 -0.099109 0.000000 0.372083 3.000000
-0.117450 0.682628 0.000000 0.312292 2.000000
-0.191275 0.662584 0.000000 0.552632 3.000000
-0.030201 0.856347 0.000000 0.562271 3.000000
0.016779 0.361915 0.000000 0.455639 2.000000
0.016779 0.268374 0.000000 0.640798 3.000000
-0.003356 0.415367 0.000000 0.621532 3.000000
-0.003356 0.462138 0.000000 0.293680 2.000000
-0.016779 -0.206013 0.000000 0.000000 0.000000
