0.010067 0.936526 0.000000 0.223668 2.000000
0.050336 1.163700 0.000000 0.742627 3.000000
-0.010067 0.308463 0.000000 0.490143 2.000000
-0.003356 0.368597 0.000000 0.734588 3.000000
-0.010067 -0.079065 0.000000 0.215493 2.000000
-0.036913 -0.099109 0.000000 0.369087 3.000000
-0.043624 0.702673 0.000000 0.356309 2.000000
-0.023490 0.582405 0.000000 0.698815 3.000000
0.003356 -0.079065 0.000000 0.214343 2.000000
0.036913 -0.099109 0.000000 0.371669 3.000000
-0.144295 0.682628 0.000000 0.320555 2.000000
-0.177852 0.675947 0.000000 0.533263 3.000000
-0.030201 0.829621 0.000000 0.565280 3.000000
0.010067 0.228285 0.000000 0.625892 3.000000
0.010067 0.442094 0.000000 0.297124 2.000000
-0.016779 -0.206013 0.000000 0.000000 0.000000
