0.010067 0.949889 0.000000 0.224622 2.000000
0.050336 1.170380 0.000000 0.739434 3.000000
-0.010067 -0.079065 0.000000 0.215287 2.000000
-0.036913 -0.099109 0.000000 0.368959 3.000000
-0.010067 0.315145 0.000000 0.449673 2.000000
-0.003356 0.388641 0.000000 0.698868 3.000000
0.003356 -0.079065 0.000000 0.214318 2.000000
0.036913 -0.099109 0.000000 0.371766 3.000000
-0.144295 0.682628 0.000000 0.326550 2.000000
-0.184564 0.675947 0.000000 0.543086 3.000000
0.003356 0.682628 0.000000 0.363946 2.000000
-0.030201 0.609131 0.000000 0.676558 3.000000
-0.030201 0.842984 0.000000 0.566283 3.000000
0.016779 0.248330 0.000000 0.634302 3.000000
0.010067 0.455457 0.000000 0.300420 2.000000
-0.016779 -0.206013 0.000000 0.000000 0.000000
