0.010067 0.956570 0.000000 0.226129 2.000000
0.050336 1.183740 0.000000 0.735111 3.000000
-0.010067 -0.079065 0.000000 0.215139 2.000000
-0.036913 -0.099109 0.000000 0.369009 3.000000
-0.003356 0.702673 0.000000 0.371127 2.000000
0.023490 0.555679 0.000000 0.672323 3.000000
0.003356 -0.079065 0.000000 0.214327 2.000000
0.036913 -0.099109 0.000000 0.371988 3.000000
-0.117450 0.682628 0.000000 0.324162 2.000000
-0.191275 0.669265 0.000000 0.553235 3.000000
-0.030201 0.849666 0.000000 0.563827 3.000000
0.016779 0.321826 0.000000 0.436098 2.000000
-0.003356 0.408686 0.000000 0.641962 3.000000
0.016779 0.261693 0.000000 0.642316 3.000000
-0.010067 0.455457 0.000000 0.299468 2.000000
-0.016779 -0.206013 0.000000 0.000000 0.000000
