0.010067 0.943207 0.000000 0.224337 2.000000
0.050336 1.170380 0.000000 0.741702 3.000000
-0.010067 0.315145 0.000000 0.471022 2.000000
0.003356 0.368597 0.000000 0.714590 3.000000
-0.010067 -0.079065 0.000000 0.215254 2.000000
-0.036913 -0.099109 0.000000 0.368959 3.000000
0.003356 0.675947 0.000000 0.360207 2.000000
-0.030201 0.602450 0.000000 0.688331 3.000000
0.010067 0.234967 0.000000 0.625598 3.000000
0.003356 -0.079065 0.000000 0.214390 2.000000
0.036913 -0.099109 0.000000 0.371729 3.000000
-0.144295 0.682628 0.000000 0.324291 2.000000
-0.184564 0.675947 0.000000 0.541897 3.000000
0.010067 0.448775 0.000000 0.299973 2.000000
-0.030201 0.836303 0.000000 0.565937 3.000000
-0.016779 -0.206013 0.000000 0.000000 0.000000
