0.016779 0.969933 0.000000 0.227545 2.000000
0.057047 1.190420 0.000000 0.733498 3.000000
-0.010067 -0.079065 0.000000 0.215164 2.000000
-0.036913 -0.099109 0.000000 0.369121 3.000000
0.003356 -0.079065 0.000000 0.214313 2.000000
0.036913 -0.099109 0.000000 0.372163 3.000000
-0.003356 0.716036 0.000000 0.373242 2.000000
0.023490 0.569042 0.000000 0.665328 3.000000
-0.124161 0.682628 0.000000 0.298132 2.000000
-0.197987 0.662584 0.000000 0.557619 3.000000
-0.023490 0.863029 0.000000 0.562182 3.000000
0.023490 0.368597 0.000000 0.470096 2.000000
0.016779 0.268374 0.000000 0.641964 3.000000
-0.016779 0.428731 0.000000 0.599527 3.000000
-0.010067 0.468820 0.000000 0.288677 2.000000
-0.016779 -0.206013 0.000000 0.000000 0.000000
