0.023490 0.422049 0.000000 0.285384 2.000000
-0.003356 0.328508 0.000000 0.748688 3.000000
-0.010067 -0.079065 0.000000 0.215719 2.000000
-0.036913 -0.099109 0.000000 0.369205 3.000000
0.003356 -0.079065 0.000000 0.214377 2.000000
0.036913 -0.099109 0.000000 0.371456 3.000000
0.003356 0.923163 0.000000 0.222573 2.000000
0.050336 1.150330 0.000000 0.744772 3.000000
-0.137584 0.689310 0.000000 0.319621 2.000000
-0.171141 0.682628 0.000000 0.521951 3.000000
-0.036913 0.669265 0.000000 0.383667 2.000000
-0.030201 0.816258 0.000000 0.562631 3.000000
-0.023490 0.548998 0.000000 0.713993 3.000000
-0.016779 -0.206013 0.000000 0.000000 0.000000
