0.016779 0.976615 0.000000 0.229615 2.000000
0.057047 1.203790 0.000000 0.730736 3.000000
-0.010067 -0.079065 0.000000 0.215351 2.000000
-0.036913 -0.099109 0.000000 0.369383 3.000000
-0.010067 0.736080 0.000000 0.374100 2.000000
0.023490 0.575724 0.000000 0.651056 3.000000
0.003356 -0.079065 0.000000 0.214318 2.000000
0.036913 -0.099109 0.000000 0.372313 3.000000
-0.130872 0.682628 0.000000 0.269521 2.000000
-0.197987 0.655902 0.000000 0.558835 3.000000
-0.023490 0.869710 0.000000 0.561212 3.000000
0.010067 0.381960 0.000000 0.477373 2.000000
0.016779 0.281737 0.000000 0.650520 3.000000
-0.016779 0.475501 0.000000 0.274966 2.000000
-0.003356 0.402004 0.000000 0.602939 3.000000
-0.016779 -0.206013 0.000000 0.000000 0.000000
