0.010067 0.956570 0.000000 0.225525 2.000000
0.050336 1.177060 0.000000 0.737389 3.000000
-0.003356 0.689310 0.000000 0.367625 2.000000
0.023490 0.548998 0.000000 0.672886 3.000000
-0.010067 -0.079065 0.000000 0.215124 2.000000
-0.036913 -0.099109 0.000000 0.368912 3.000000
0.003356 -0.079065 0.000000 0.214345 2.000000
0.036913 -0.099109 0.000000 0.371926 3.000000
-0.151007 0.675947 0.000000 0.325955 2.000000
-0.191275 0.669265 0.000000 0.551421 3.000000
-0.030201 0.849666 0.000000 0.565580 3.000000
0.016779 0.308463 0.000000 0.423293 2.000000
0.016779 0.255011 0.000000 0.640647 3.000000
-0.003356 0.402004 0.000000 0.658757 3.000000
0.003356 0.462138 0.000000 0.299785 2.000000
-0.016779 -0.206013 0.000000 0.000000 0.000000
