0.016779 0.983296 0.000000 0.230065 2.000000
0.057047 1.203790 0.000000 0.730403 3.000000
0.023490 0.315145 0.000000 0.487626 2.000000
0.016779 0.288419 0.000000 0.658749 3.000000
-0.003356 0.736080 0.000000 0.372746 2.000000
0.023490 0.582405 0.000000 0.649195 3.000000
-0.010067 -0.079065 0.000000 0.215300 2.000000
-0.036913 -0.099109 0.000000 0.369382 3.000000
0.003356 -0.079065 0.000000 0.214361 2.000000
0.036913 -0.099109 0.000000 0.372392 3.000000
-0.130872 0.682628 0.000000 0.267263 2.000000
-0.197987 0.655902 0.000000 0.555113 3.000000
0.010067 0.381960 0.000000 0.465072 2.000000
-0.003356 0.408686 0.000000 0.605527 3.000000
0.016779 0.335189 0.000000 0.578656 3.000000
-0.023490 0.876392 0.000000 0.561338 3.000000
-0.016779 0.475501 0.000000 0.272083 2.000000
-0.016779 -0.206013 0.000000 0.000000 0.000000
