0.003356 0.929844 0.000000 0.222713 2.000000
0.050336 1.157020 0.000000 0.743995 3.000000
-0.010067 0.295100 0.000000 0.503474 2.000000
-0.003356 0.348552 0.000000 0.747071 3.000000
-0.010067 -0.079065 0.000000 0.215517 2.000000
-0.036913 -0.099109 0.000000 0.369082 3.000000
-0.043624 0.689310 0.000000 0.373319 2.000000
-0.023490 0.569042 0.000000 0.714253 3.000000
0.003356 -0.079065 0.000000 0.214402 2.000000
0.036913 -0.099109 0.000000 0.371582 3.000000
-0.137584 0.682628 0.000000 0.318197 2.000000
-0.177852 0.682628 0.000000 0.527165 3.000000
-0.030201 0.822940 0.000000 0.564304 3.000000
0.010067 0.214922 0.000000 0.626064 3.000000
0.016779 0.428731 0.000000 0.291343 2.000000
-0.016779 -0.206013 0.000000 0.000000 0.000000
