0.016779 0.969933 0.000000 0.227939 2.000000
0.057047 1.197100 0.000000 0.733072 3.000000
-0.010067 -0.079065 0.000000 0.215248 2.000000
-0.036913 -0.099109 0.000000 0.369202 3.000000
-0.003356 0.722717 0.000000 0.373498 2.000000
0.023490 0.569042 0.000000 0.665194 3.000000
0.003356 -0.079065 0.000000 0.214281 2.000000
0.036913 -0.099109 0.000000 0.372178 3.000000
-0.124161 0.682628 0.000000 0.291758 2.000000
-0.197987 0.662584 0.000000 0.558637 3.000000
-0.023490 0.863029 0.000000 0.562106 3.000000
0.016779 0.375278 0.000000 0.465731 2.000000
0.016779 0.275056 0.000000 0.652244 3.000000
-0.010067 0.428731 0.000000 0.590137 3.000000
-0.010067 0.468820 0.000000 0.283883 2.000000
-0.016779 -0.206013 0.000000 0.000000 0.000000
