-0.010067 -0.079065 0.000000 0.215746 2.000000
-0.036913 -0.099109 0.000000 0.369248 3.000000
0.016779 0.415367 0.000000 0.281994 2.000000
-0.003356 0.321826 0.000000 0.746609 3.000000
0.003356 -0.079065 0.000000 0.214387 2.000000
0.036913 -0.099109 0.000000 0.371443 3.000000
0.003356 0.923163 0.000000 0.222935 2.000000
0.043624 1.143650 0.000000 0.745775 3.000000
-0.130872 0.682628 0.000000 0.319499 2.000000
-0.171141 0.682628 0.000000 0.518186 3.000000
-0.036913 0.669265 0.000000 0.386362 2.000000
-0.030201 0.816258 0.000000 0.561594 3.000000
-0.023490 0.548998 0.000000 0.710137 3.000000
-0.016779 -0.206013 0.000000 0.000000 0.000000
