0.010067 0.969933 0.000000 0.227577 2.000000
0.057047 1.190420 0.000000 0.734120 3.000000
-0.003356 0.716036 0.000000 0.373484 2.000000
0.023490 0.562361 0.000000 0.668539 3.000000
0.023490 0.368597 0.000000 0.459069 2.000000
0.016779 0.268374 0.000000 0.646720 3.000000
-0.010067 -0.079065 0.000000 0.215222 2.000000
-0.036913 -0.099109 0.000000 0.369127 3.000000
0.003356 -0.079065 0.000000 0.214276 2.000000
0.036913 -0.099109 0.000000 0.372078 3.000000
-0.124161 0.675947 0.000000 0.306254 2.000000
-0.197987 0.662584 0.000000 0.554814 3.000000
-0.030201 0.856347 0.000000 0.560906 3.000000
-0.010067 0.422049 0.000000 0.616512 3.000000
-0.016779 0.462138 0.000000 0.291198 2.000000
-0.016779 -0.206013 0.000000 0.000000 0.000000
