0.010067 0.929844 0.000000 0.223472 2.000000
0.050336 1.163700 0.000000 0.743361 3.000000
-0.010067 0.295100 0.000000 0.504663 2.000000
-0.003356 0.355234 0.000000 0.743351 3.000000
-0.010067 -0.079065 0.000000 0.215544 2.000000
-0.036913 -0.099109 0.000000 0.369063 3.000000
0.003356 -0.079065 0.000000 0.214367 2.000000
0.036913 -0.099109 0.000000 0.371594 3.000000
-0.036913 0.695991 0.000000 0.371352 2.000000
-0.023490 0.569042 0.000000 0.710322 3.000000
-0.144295 0.682628 0.000000 0.319847 2.000000
-0.177852 0.682628 0.000000 0.529882 3.000000
-0.030201 0.822940 0.000000 0.563297 3.000000
0.010067 0.221604 0.000000 0.624525 3.000000
0.016779 0.428731 0.000000 0.292787 2.000000
-0.016779 -0.206013 0.000000 0.000000 0.000000
