0.010067 0.963252 0.000000 0.226382 2.000000
0.050336 1.183740 0.000000 0.734270 3.000000
-0.010067 -0.079065 0.000000 0.215224 2.000000
-0.036913 -0.099109 0.000000 0.369039 3.000000
-0.003356 0.702673 0.000000 0.371760 2.000000
0.023490 0.555679 0.000000 0.670886 3.000000
0.003356 -0.079065 0.000000 0.214274 2.000000
0.036913 -0.099109 0.000000 0.372016 3.000000
-0.117450 0.682628 0.000000 0.318439 2.000000
-0.191275 0.669265 0.000000 0.552079 3.000000
-0.030201 0.856347 0.000000 0.562097 3.000000
0.016779 0.321826 0.000000 0.444545 2.000000
0.016779 0.261693 0.000000 0.640103 3.000000
-0.010067 0.415367 0.000000 0.643802 3.000000
-0.010067 0.455457 0.000000 0.297517 2.000000
-0.016779 -0.206013 0.000000 0.000000 0.000000
