0.010067 0.949889 0.000000 0.224972 2.000000
0.050336 1.177060 0.000000 0.739129 3.000000
0.003356 0.689310 0.000000 0.365431 2.000000
0.023490 0.542316 0.000000 0.671414 3.000000
-0.010067 0.321826 0.000000 0.436947 2.000000
0.003356 0.381960 0.000000 0.682512 3.000000
-0.010067 -0.079065 0.000000 0.215210 2.000000
-0.036913 -0.099109 0.000000 0.368928 3.000000
0.003356 -0.079065 0.000000 0.214335 2.000000
0.036913 -0.099109 0.000000 0.371835 3.000000
-0.151007 0.682628 0.000000 0.325132 2.000000
-0.184564 0.669265 0.000000 0.542246 3.000000
0.016779 0.255011 0.000000 0.632580 3.000000
-0.030201 0.842984 0.000000 0.566013 3.000000
0.003356 0.455457 0.000000 0.301076 2.000000
-0.016779 -0.206013 0.000000 0.000000 0.000000
