0.016779 0.976615 0.000000 0.229087 2.000000
0.057047 1.197100 0.000000 0.731750 3.000000
0.016779 0.375278 0.000000 0.472716 2.000000
0.016779 0.281737 0.000000 0.657588 3.000000
-0.010067 -0.079065 0.000000 0.215226 2.000000
-0.036913 -0.099109 0.000000 0.369295 3.000000
0.003356 -0.079065 0.000000 0.214356 2.000000
0.036913 -0.099109 0.000000 0.372313 3.000000
-0.130872 0.682628 0.000000 0.274021 2.000000
-0.197987 0.655902 0.000000 0.560669 3.000000
-0.003356 0.729399 0.000000 0.373230 2.000000
0.023490 0.575724 0.000000 0.656811 3.000000
-0.023490 0.869710 0.000000 0.562475 3.000000
-0.003356 0.402004 0.000000 0.598015 3.000000
-0.016779 0.475501 0.000000 0.277251 2.000000
-0.016779 -0.206013 0.000000 0.000000 0.000000
