-0.003356 0.281737 0.000000 0.526450 2.000000
-0.003356 0.335189 0.000000 0.748294 3.000000
-0.010067 -0.079065 0.000000 0.215722 2.000000
-0.036913 -0.099109 0.000000 0.369173 3.000000
0.003356 0.923163 0.000000 0.222581 2.000000
0.043624 1.150330 0.000000 0.744133 3.000000
0.003356 -0.079065 0.000000 0.214347 2.000000
0.036913 -0.099109 0.000000 0.371462 3.000000
-0.137584 0.689310 0.000000 0.318019 2.000000
-0.171141 0.682628 0.000000 0.524381 3.000000
-0.043624 0.675947 0.000000 0.383666 2.000000
-0.023490 0.555679 0.000000 0.715891 3.000000
-0.030201 0.816258 0.000000 0.562473 3.000000
0.010067 0.208241 0.000000 0.617866 3.000000
0.016779 0.422049 0.000000 0.285954 2.000000
-0.016779 -0.206013 0.000000 0.000000 0.000000
