-0.003356 0.288419 0.000000 0.519230 2.000000
-0.003356 0.335189 0.000000 0.747459 3.000000
-0.010067 -0.079065 0.000000 0.215609 2.000000
-0.036913 -0.099109 0.000000 0.369129 3.000000
0.003356 -0.079065 0.000000 0.214389 2.000000
0.036913 -0.099109 0.000000 0.371525 3.000000
0.003356 0.923163 0.000000 0.222879 2.000000
0.050336 1.157020 0.000000 0.744368 3.000000
-0.036913 0.682628 0.000000 0.380194 2.000000
-0.023490 0.562361 0.000000 0.713970 3.000000
-0.137584 0.689310 0.000000 0.317013 2.000000
-0.171141 0.682628 0.000000 0.525444 3.000000
-0.030201 0.822940 0.000000 0.562214 3.000000
0.010067 0.214922 0.000000 0.619661 3.000000
0.016779 0.428731 0.000000 0.289855 2.000000
-0.016779 -0.206013 0.000000 0.000000 0.000000
