0.003356 0.936526 0.000000 0.223225 2.000000
0.050336 1.163700 0.000000 0.743611 3.000000
-0.010067 0.308463 0.000000 0.486407 2.000000
-0.003356 0.355234 0.000000 0.738642 3.000000
-0.010067 -0.079065 0.000000 0.215510 2.000000
-0.036913 -0.099109 0.000000 0.369057 3.000000
-0.043624 0.702673 0.000000 0.364149 2.000000
-0.023490 0.575724 0.000000 0.709350 3.000000
0.003356 -0.079065 0.000000 0.214359 2.000000
0.036913 -0.099109 0.000000 0.371603 3.000000
-0.144295 0.682628 0.000000 0.319572 2.000000
-0.177852 0.675947 0.000000 0.532164 3.000000
-0.030201 0.829621 0.000000 0.565388 3.000000
0.010067 0.221604 0.000000 0.628825 3.000000
0.016779 0.435412 0.000000 0.294143 2.000000
-0.016779 -0.206013 0.000000 0.000000 0.000000
