0.016779 0.969933 0.000000 0.228790 2.000000
0.057047 1.197100 0.000000 0.733065 3.000000
-0.003356 0.722717 0.000000 0.373483 2.000000
0.023490 0.569042 0.000000 0.661265 3.000000
-0.010067 -0.079065 0.000000 0.215195 2.000000
-0.036913 -0.099109 0.000000 0.369204 3.000000
0.016779 0.375278 0.000000 0.458938 2.000000
0.016779 0.275056 0.000000 0.652978 3.000000
0.003356 -0.079065 0.000000 0.214319 2.000000
0.036913 -0.099109 0.000000 0.372236 3.000000
-0.130872 0.682628 0.000000 0.287235 2.000000
-0.197987 0.655902 0.000000 0.558941 3.000000
-0.023490 0.869710 0.000000 0.560937 3.000000
-0.003356 0.395323 0.000000 0.589873 3.000000
-0.016779 0.475501 0.000000 0.281552 2.000000
-0.016779 -0.206013 0.000000 0.000000 0.000000
