-0.003356 0.288419 0.000000 0.507091 2.000000
-0.003356 0.341871 0.000000 0.747844 3.000000
0.003356 0.929844 0.000000 0.222849 2.000000
0.050336 1.157020 0.000000 0.744345 3.000000
-0.043624 0.689310 0.000000 0.375312 2.000000
-0.023490 0.562361 0.000000 0.715200 3.000000
-0.010067 -0.079065 0.000000 0.215655 2.000000
-0.036913 -0.099109 0.000000 0.369202 3.000000
0.010067 0.214922 0.000000 0.624740 3.000000
0.003356 -0.079065 0.000000 0.214376 2.000000
0.036913 -0.099109 0.000000 0.371596 3.000000
-0.137584 0.689310 0.000000 0.316544 2.000000
-0.171141 0.682628 0.000000 0.524988 3.000000
0.016779 0.428731 0.000000 0.290422 2.000000
-0.030201 0.822940 0.000000 0.563944 3.000000
-0.016779 -0.206013 0.000000 0.000000 0.000000
