0.010067 0.943207 0.000000 0.223730 2.000000
0.050336 1.170380 0.000000 0.742274 3.000000
-0.010067 -0.079065 0.000000 0.215286 2.000000
-0.036913 -0.099109 0.000000 0.368886 3.000000
0.003356 -0.079065 0.000000 0.214380 2.000000
0.036913 -0.099109 0.000000 0.371664 3.000000
-0.144295 0.682628 0.000000 0.321738 2.000000
-0.184564 0.675947 0.000000 0.536157 3.000000
0.003356 0.662584 0.000000 0.355767 2.000000
-0.030201 0.836303 0.000000 0.565364 3.000000
-0.003356 0.315145 0.000000 0.481284 2.000000
-0.003356 0.368597 0.000000 0.725506 3.000000
-0.030201 0.595768 0.000000 0.698668 3.000000
0.010067 0.228285 0.000000 0.629354 3.000000
0.010067 0.442094 0.000000 0.298469 2.000000
-0.016779 -0.206013 0.000000 0.000000 0.000000
