0.010067 0.943207 0.000000 0.223945 2.000000
0.050336 1.170380 0.000000 0.742173 3.000000
0.003356 0.669265 0.000000 0.357265 2.000000
-0.030201 0.602450 0.000000 0.689056 3.000000
-0.010067 0.321826 0.000000 0.468955 2.000000
-0.003356 0.375278 0.000000 0.723115 3.000000
-0.010067 -0.079065 0.000000 0.215328 2.000000
-0.036913 -0.099109 0.000000 0.368953 3.000000
0.003356 -0.079065 0.000000 0.214360 2.000000
0.036913 -0.099109 0.000000 0.371675 3.000000
-0.144295 0.682628 0.000000 0.322996 2.000000
-0.184564 0.675947 0.000000 0.539359 3.000000
0.010067 0.228285 0.000000 0.627952 3.000000
-0.030201 0.836303 0.000000 0.566393 3.000000
0.010067 0.448775 0.000000 0.299373 2.000000
-0.016779 -0.206013 0.000000 0.000000 0.000000
