0.010067 0.949889 0.000000 0.224692 2.000000
0.050336 1.170380 0.000000 0.740748 3.000000
-0.010067 0.315145 0.000000 0.458088 2.000000
-0.003356 0.381960 0.000000 0.704279 3.000000
-0.010067 -0.079065 0.000000 0.215200 2.000000
-0.036913 -0.099109 0.000000 0.368915 3.000000
0.003356 -0.079065 0.000000 0.214388 2.000000
0.036913 -0.099109 0.000000 0.371787 3.000000
-0.144295 0.682628 0.000000 0.325539 2.000000
-0.184564 0.675947 0.000000 0.543097 3.000000
0.003356 0.675947 0.000000 0.362071 2.000000
-0.030201 0.609131 0.000000 0.679197 3.000000
-0.030201 0.842984 0.000000 0.565056 3.000000
0.016779 0.248330 0.000000 0.632463 3.000000
0.010067 0.448775 0.000000 0.300430 2.000000
-0.016779 -0.206013 0.000000 0.000000 0.000000
