0.010067 0.956570 0.000000 0.225776 2.000000
0.050336 1.177060 0.000000 0.738482 3.000000
-0.010067 -0.079065 0.000000 0.215271 2.000000
-0.036913 -0.099109 0.000000 0.368998 3.000000
-0.010067 0.321826 0.000000 0.423534 2.000000
-0.003356 0.395323 0.000000 0.681072 3.000000
0.003356 -0.079065 0.000000 0.214293 2.000000
0.036913 -0.099109 0.000000 0.371813 3.000000
-0.151007 0.682628 0.000000 0.323741 2.000000
-0.184564 0.669265 0.000000 0.541811 3.000000
0.003356 0.695991 0.000000 0.365702 2.000000
0.023490 0.548998 0.000000 0.670430 3.000000
-0.030201 0.842984 0.000000 0.564204 3.000000
0.016779 0.255011 0.000000 0.640471 3.000000
0.010067 0.462138 0.000000 0.300658 2.000000
-0.016779 -0.206013 0.000000 0.000000 0.000000
