0.016779 0.976615 0.000000 0.228877 2.000000
0.057047 1.197100 0.000000 0.732739 3.000000
-0.010067 -0.079065 0.000000 0.215314 2.000000
-0.036913 -0.099109 0.000000 0.369291 3.000000
-0.003356 0.729399 0.000000 0.373099 2.000000
0.023490 0.575724 0.000000 0.659720 3.000000
0.003356 -0.079065 0.000000 0.214274 2.000000
0.036913 -0.099109 0.000000 0.372246 3.000000
-0.130872 0.682628 0.000000 0.280095 2.000000
-0.197987 0.655902 0.000000 0.560723 3.000000
-0.023490 0.869710 0.000000 0.562400 3.000000
0.016779 0.375278 0.000000 0.461488 2.000000
0.016779 0.281737 0.000000 0.651252 3.000000
-0.003356 0.395323 0.000000 0.593654 3.000000
-0.016779 0.475501 0.000000 0.279369 2.000000
-0.016779 -0.206013 0.000000 0.000000 0.000000
