0.010067 0.936526 0.000000 0.223272 2.000000
0.050336 1.163700 0.000000 0.743415 3.000000
-0.010067 -0.079065 0.000000 0.215414 2.000000
-0.036913 -0.099109 0.000000 0.369004 3.000000
-0.010067 0.308463 0.000000 0.489909 2.000000
-0.003356 0.361915 0.000000 0.737992 3.000000
0.003356 -0.079065 0.000000 0.214381 2.000000
0.036913 -0.099109 0.000000 0.371628 3.000000
-0.043624 0.702673 0.000000 0.360074 2.000000
-0.030201 0.589087 0.000000 0.705501 3.000000
-0.144295 0.682628 0.000000 0.319907 2.000000
-0.177852 0.675947 0.000000 0.534100 3.000000
-0.030201 0.829621 0.000000 0.566100 3.000000
0.010067 0.221604 0.000000 0.627554 3.000000
0.010067 0.435412 0.000000 0.297226 2.000000
-0.016779 -0.206013 0.000000 0.000000 0.000000
