-0.010067 -0.079065 0.000000 0.215218 2.000000
-0.036913 -0.099109 0.000000 0.369008 3.000000
0.016779 0.956570 0.000000 0.225838 2.000000
0.050336 1.177060 0.000000 0.735871 3.000000
0.003356 0.695991 0.000000 0.369301 2.000000
0.023490 0.548998 0.000000 0.670175 3.000000
0.003356 -0.079065 0.000000 0.214291 2.000000
0.036913 -0.099109 0.000000 0.371916 3.000000
-0.151007 0.675947 0.000000 0.327688 2.000000
-0.191275 0.669265 0.000000 0.552745 3.000000
-0.030201 0.849666 0.000000 0.565444 3.000000
0.023490 0.315145 0.000000 0.431779 2.000000
0.016779 0.261693 0.000000 0.635991 3.000000
-0.010067 0.408686 0.000000 0.661016 3.000000
0.003356 0.468820 0.000000 0.299946 2.000000
-0.016779 -0.206013 0.000000 0.000000 0.000000
