66.000000 147.000000 0.000000 0.464750 2.000000
68.000000 160.000000 0.000000 0.758126 3.000000
63.000000 135.000000 0.000000 0.692271 3.000000
63.000000 113.000000 0.000000 0.593271 2.000000
63.000000 112.000000 0.000000 0.615411 3.000000
56.000000 42.000000 0.000000 0.201205 2.000000
56.000000 41.000000 0.000000 0.211634 3.000000
62.000000 114.000000 0.000000 0.607637 3.000000
70.000000 42.000000 0.000000 0.207810 2.000000
70.000000 41.000000 0.000000 0.217612 3.000000
58.000000 51.000000 0.000000 0.337727 3.000000
63.000000 109.000000 0.000000 0.563062 2.000000
64.000000 107.000000 0.000000 0.582916 3.000000
63.000000 98.000000 0.000000 0.550977 2.000000
63.000000 92.000000 0.000000 0.565363 3.000000
61.000000 53.000000 0.000000 0.181807 2.000000
67.000000 51.000000 0.000000 0.340675 3.000000
60.000000 120.000000 0.000000 0.444122 2.000000
63.000000 123.000000 0.000000 0.462082 3.000000
64.000000 54.000000 0.000000 0.204000 2.000000
64.000000 126.000000 0.000000 0.431641 2.000000
63.000000 37.000000 0.000000 0.000000 0.000000
