65.000000 136.000000 0.000000 0.327096 2.000000
68.000000 154.000000 0.000000 0.753372 3.000000
63.000000 115.000000 0.000000 0.494609 2.000000
62.000000 125.000000 0.000000 0.702185 3.000000
64.000000 102.000000 0.000000 0.543056 2.000000
63.000000 104.000000 0.000000 0.586036 3.000000
56.000000 42.000000 0.000000 0.202092 2.000000
56.000000 41.000000 0.000000 0.212486 3.000000
70.000000 42.000000 0.000000 0.207200 2.000000
70.000000 41.000000 0.000000 0.217024 3.000000
58.000000 51.000000 0.000000 0.338272 3.000000
63.000000 94.000000 0.000000 0.578016 3.000000
62.000000 108.000000 0.000000 0.537570 2.000000
61.000000 108.000000 0.000000 0.561457 3.000000
61.000000 53.000000 0.000000 0.181373 2.000000
61.000000 113.000000 0.000000 0.497751 2.000000
62.000000 114.000000 0.000000 0.517543 3.000000
67.000000 51.000000 0.000000 0.340380 3.000000
64.000000 54.000000 0.000000 0.204564 2.000000
63.000000 37.000000 0.000000 0.000000 0.000000
