61.000000 123.000000 0.000000 0.301918 2.000000
59.000000 140.000000 0.000000 0.773139 3.000000
70.000000 42.000000 0.000000 0.202312 2.000000
70.000000 41.000000 0.000000 0.212509 3.000000
56.000000 42.000000 0.000000 0.206394 2.000000
56.000000 41.000000 0.000000 0.216158 3.000000
64.000000 54.000000 0.000000 0.204572 2.000000
67.000000 51.000000 0.000000 0.336033 3.000000
62.000000 112.000000 0.000000 0.602488 2.000000
61.000000 113.000000 0.000000 0.636548 3.000000
62.000000 110.000000 0.000000 0.629375 3.000000
58.000000 51.000000 0.000000 0.337622 3.000000
62.000000 104.000000 0.000000 0.561270 2.000000
63.000000 97.000000 0.000000 0.548460 2.000000
62.000000 93.000000 0.000000 0.574510 3.000000
61.000000 53.000000 0.000000 0.178616 2.000000
63.000000 102.000000 0.000000 0.570615 3.000000
63.000000 37.000000 0.000000 0.000000 0.000000
