64.000000 121.000000 0.000000 0.344389 2.000000
65.000000 137.000000 0.000000 0.779703 3.000000
63.000000 107.000000 0.000000 0.568392 2.000000
64.000000 110.000000 0.000000 0.602552 3.000000
56.000000 42.000000 0.000000 0.202633 2.000000
56.000000 41.000000 0.000000 0.212864 3.000000
70.000000 42.000000 0.000000 0.205791 2.000000
70.000000 41.000000 0.000000 0.215608 3.000000
58.000000 51.000000 0.000000 0.336162 3.000000
62.000000 104.000000 0.000000 0.583020 3.000000
63.000000 93.000000 0.000000 0.539752 2.000000
63.000000 89.000000 0.000000 0.552218 3.000000
61.000000 53.000000 0.000000 0.177986 2.000000
64.000000 116.000000 0.000000 0.463032 2.000000
67.000000 51.000000 0.000000 0.337104 3.000000
64.000000 54.000000 0.000000 0.205208 2.000000
64.000000 117.000000 0.000000 0.472194 3.000000
63.000000 37.000000 0.000000 0.000000 0.000000
