64.000000 121.000000 0.000000 0.338897 2.000000
65.000000 137.000000 0.000000 0.787854 3.000000
63.000000 105.000000 0.000000 0.564200 2.000000
63.000000 109.000000 0.000000 0.611967 3.000000
56.000000 42.000000 0.000000 0.202525 2.000000
56.000000 41.000000 0.000000 0.212734 3.000000
70.000000 42.000000 0.000000 0.205925 2.000000
70.000000 41.000000 0.000000 0.215706 3.000000
58.000000 51.000000 0.000000 0.336094 3.000000
63.000000 102.000000 0.000000 0.580053 3.000000
63.000000 95.000000 0.000000 0.538188 2.000000
61.000000 53.000000 0.000000 0.177990 2.000000
67.000000 51.000000 0.000000 0.337266 3.000000
63.000000 89.000000 0.000000 0.553100 3.000000
64.000000 54.000000 0.000000 0.205170 2.000000
63.000000 37.000000 0.000000 0.000000 0.000000
