61.000000 127.000000 0.000000 0.355899 2.000000
59.000000 143.000000 0.000000 0.760075 3.000000
70.000000 42.000000 0.000000 0.202774 2.000000
70.000000 41.000000 0.000000 0.213108 3.000000
62.000000 110.000000 0.000000 0.575008 2.000000
61.000000 117.000000 0.000000 0.643194 3.000000
56.000000 42.000000 0.000000 0.206363 2.000000
56.000000 41.000000 0.000000 0.216313 3.000000
64.000000 54.000000 0.000000 0.203185 2.000000
67.000000 51.000000 0.000000 0.337596 3.000000
62.000000 107.000000 0.000000 0.593054 3.000000
58.000000 51.000000 0.000000 0.338857 3.000000
63.000000 103.000000 0.000000 0.562570 2.000000
63.000000 100.000000 0.000000 0.573462 3.000000
62.000000 96.000000 0.000000 0.549537 2.000000
61.000000 53.000000 0.000000 0.180396 2.000000
62.000000 92.000000 0.000000 0.567804 3.000000
63.000000 37.000000 0.000000 0.000000 0.000000
