61.000000 129.000000 0.000000 0.345210 2.000000
59.000000 145.000000 0.000000 0.742814 3.000000
62.000000 118.000000 0.000000 0.589945 2.000000
61.000000 118.000000 0.000000 0.624200 3.000000
70.000000 42.000000 0.000000 0.202486 2.000000
70.000000 41.000000 0.000000 0.212754 3.000000
56.000000 42.000000 0.000000 0.207041 2.000000
56.000000 41.000000 0.000000 0.216913 3.000000
64.000000 54.000000 0.000000 0.203606 2.000000
67.000000 51.000000 0.000000 0.338684 3.000000
58.000000 51.000000 0.000000 0.339868 3.000000
62.000000 117.000000 0.000000 0.612614 3.000000
63.000000 113.000000 0.000000 0.541729 2.000000
62.000000 104.000000 0.000000 0.572102 2.000000
62.000000 101.000000 0.000000 0.597970 3.000000
61.000000 53.000000 0.000000 0.181487 2.000000
63.000000 106.000000 0.000000 0.597218 3.000000
63.000000 37.000000 0.000000 0.000000 0.000000
