66.000000 143.000000 0.000000 0.423443 2.000000
68.000000 158.000000 0.000000 0.774642 3.000000
64.000000 132.000000 0.000000 0.698334 3.000000
63.000000 109.000000 0.000000 0.548736 2.000000
64.000000 102.000000 0.000000 0.593619 3.000000
56.000000 42.000000 0.000000 0.201292 2.000000
56.000000 41.000000 0.000000 0.211819 3.000000
70.000000 42.000000 0.000000 0.207698 2.000000
70.000000 41.000000 0.000000 0.217535 3.000000
58.000000 51.000000 0.000000 0.336941 3.000000
62.000000 112.000000 0.000000 0.545687 2.000000
61.000000 112.000000 0.000000 0.574743 3.000000
64.000000 98.000000 0.000000 0.547468 2.000000
63.000000 93.000000 0.000000 0.573498 3.000000
61.000000 53.000000 0.000000 0.180157 2.000000
67.000000 51.000000 0.000000 0.339788 3.000000
62.000000 111.000000 0.000000 0.573429 3.000000
63.000000 110.000000 0.000000 0.562059 3.000000
62.000000 110.000000 0.000000 0.526834 2.000000
64.000000 54.000000 0.000000 0.203817 2.000000
60.000000 118.000000 0.000000 0.402914 2.000000
63.000000 37.000000 0.000000 0.000000 0.000000
