65.000000 144.000000 0.000000 0.373276 2.000000
68.000000 160.000000 0.000000 0.753077 3.000000
63.000000 132.000000 0.000000 0.695440 3.000000
56.000000 42.000000 0.000000 0.201664 2.000000
56.000000 41.000000 0.000000 0.212098 3.000000
70.000000 42.000000 0.000000 0.207574 2.000000
70.000000 41.000000 0.000000 0.217393 3.000000
58.000000 51.000000 0.000000 0.338058 3.000000
61.000000 53.000000 0.000000 0.181564 2.000000
67.000000 51.000000 0.000000 0.340405 3.000000
64.000000 54.000000 0.000000 0.204344 2.000000
61.000000 121.000000 0.000000 0.396246 2.000000
62.000000 121.000000 0.000000 0.410156 3.000000
61.000000 120.000000 0.000000 0.412810 3.000000
59.000000 119.000000 0.000000 0.391063 2.000000
63.000000 101.000000 0.000000 0.579505 2.000000
64.000000 104.000000 0.000000 0.599662 3.000000
64.000000 110.000000 0.000000 0.514791 2.000000
61.000000 113.000000 0.000000 0.568998 3.000000
63.000000 99.000000 0.000000 0.591144 3.000000
64.000000 122.000000 0.000000 0.372190 2.000000
63.000000 37.000000 0.000000 0.000000 0.000000
