62.000000 116.000000 0.000000 0.517975 2.000000
63.000000 126.000000 0.000000 0.660596 3.000000
66.000000 138.000000 0.000000 0.358060 2.000000
67.000000 154.000000 0.000000 0.781754 3.000000
56.000000 42.000000 0.000000 0.201372 2.000000
56.000000 41.000000 0.000000 0.211674 3.000000
70.000000 42.000000 0.000000 0.207167 2.000000
70.000000 41.000000 0.000000 0.216861 3.000000
58.000000 51.000000 0.000000 0.335768 3.000000
63.000000 107.000000 0.000000 0.553735 2.000000
62.000000 108.000000 0.000000 0.589306 3.000000
63.000000 105.000000 0.000000 0.581736 3.000000
63.000000 103.000000 0.000000 0.528636 2.000000
64.000000 96.000000 0.000000 0.542418 2.000000
63.000000 93.000000 0.000000 0.580705 3.000000
64.000000 98.000000 0.000000 0.568934 3.000000
61.000000 53.000000 0.000000 0.178317 2.000000
61.000000 113.000000 0.000000 0.508562 2.000000
67.000000 51.000000 0.000000 0.338201 3.000000
62.000000 115.000000 0.000000 0.534546 3.000000
64.000000 54.000000 0.000000 0.205088 2.000000
63.000000 37.000000 0.000000 0.000000 0.000000
