65.000000 119.000000 0.000000 0.469030 2.000000
61.000000 131.000000 0.000000 0.685962 3.000000
60.000000 142.000000 0.000000 0.416048 2.000000
57.000000 157.000000 0.000000 0.763588 3.000000
70.000000 42.000000 0.000000 0.201575 2.000000
70.000000 41.000000 0.000000 0.211984 3.000000
56.000000 42.000000 0.000000 0.207734 2.000000
56.000000 41.000000 0.000000 0.217521 3.000000
64.000000 54.000000 0.000000 0.204017 2.000000
67.000000 51.000000 0.000000 0.338076 3.000000
58.000000 51.000000 0.000000 0.340679 3.000000
62.000000 110.000000 0.000000 0.575783 2.000000
63.000000 112.000000 0.000000 0.608827 3.000000
63.000000 113.000000 0.000000 0.575521 2.000000
64.000000 113.000000 0.000000 0.589417 3.000000
62.000000 108.000000 0.000000 0.587797 3.000000
61.000000 105.000000 0.000000 0.527558 2.000000
62.000000 96.000000 0.000000 0.556543 2.000000
62.000000 93.000000 0.000000 0.581290 3.000000
61.000000 99.000000 0.000000 0.572335 3.000000
61.000000 53.000000 0.000000 0.181590 2.000000
63.000000 37.000000 0.000000 0.000000 0.000000
