65.000000 140.000000 0.000000 0.346976 2.000000
68.000000 157.000000 0.000000 0.753911 3.000000
56.000000 42.000000 0.000000 0.201908 2.000000
56.000000 41.000000 0.000000 0.212333 3.000000
70.000000 42.000000 0.000000 0.207405 2.000000
70.000000 41.000000 0.000000 0.217233 3.000000
58.000000 51.000000 0.000000 0.338185 3.000000
63.000000 120.000000 0.000000 0.453539 2.000000
62.000000 129.000000 0.000000 0.700245 3.000000
61.000000 53.000000 0.000000 0.181617 2.000000
67.000000 51.000000 0.000000 0.340356 3.000000
63.000000 99.000000 0.000000 0.568858 2.000000
63.000000 96.000000 0.000000 0.583791 3.000000
62.000000 108.000000 0.000000 0.539447 2.000000
62.000000 109.000000 0.000000 0.583287 3.000000
64.000000 54.000000 0.000000 0.204559 2.000000
63.000000 119.000000 0.000000 0.463938 3.000000
64.000000 102.000000 0.000000 0.580491 3.000000
60.000000 116.000000 0.000000 0.436699 2.000000
64.000000 106.000000 0.000000 0.544342 2.000000
63.000000 108.000000 0.000000 0.576319 3.000000
63.000000 37.000000 0.000000 0.000000 0.000000
