60.000000 136.000000 0.000000 0.372442 2.000000
58.000000 152.000000 0.000000 0.739677 3.000000
65.000000 117.000000 0.000000 0.484296 2.000000
61.000000 125.000000 0.000000 0.644854 3.000000
70.000000 42.000000 0.000000 0.201946 2.000000
70.000000 41.000000 0.000000 0.212273 3.000000
56.000000 42.000000 0.000000 0.207444 2.000000
56.000000 41.000000 0.000000 0.217257 3.000000
64.000000 54.000000 0.000000 0.204152 2.000000
67.000000 51.000000 0.000000 0.338520 3.000000
58.000000 51.000000 0.000000 0.340029 3.000000
61.000000 53.000000 0.000000 0.180772 2.000000
62.000000 102.000000 0.000000 0.564792 2.000000
62.000000 95.000000 0.000000 0.585076 3.000000
62.000000 109.000000 0.000000 0.612361 3.000000
64.000000 112.000000 0.000000 0.561307 2.000000
64.000000 113.000000 0.000000 0.591052 3.000000
63.000000 37.000000 0.000000 0.000000 0.000000
