59.000000 142.000000 0.000000 0.427566 2.000000
58.000000 157.000000 0.000000 0.756613 3.000000
62.000000 131.000000 0.000000 0.694310 3.000000
61.000000 99.000000 0.000000 0.568907 2.000000
62.000000 96.000000 0.000000 0.587429 3.000000
70.000000 42.000000 0.000000 0.201738 2.000000
70.000000 41.000000 0.000000 0.212111 3.000000
56.000000 42.000000 0.000000 0.207382 2.000000
56.000000 41.000000 0.000000 0.217270 3.000000
64.000000 54.000000 0.000000 0.203971 2.000000
67.000000 51.000000 0.000000 0.338006 3.000000
61.000000 101.000000 0.000000 0.584431 3.000000
61.000000 107.000000 0.000000 0.512830 2.000000
58.000000 51.000000 0.000000 0.340517 3.000000
64.000000 110.000000 0.000000 0.564037 2.000000
64.000000 111.000000 0.000000 0.580932 3.000000
63.000000 109.000000 0.000000 0.575500 3.000000
64.000000 112.000000 0.000000 0.535367 2.000000
65.000000 112.000000 0.000000 0.552590 3.000000
61.000000 53.000000 0.000000 0.181571 2.000000
62.000000 118.000000 0.000000 0.421789 2.000000
62.000000 119.000000 0.000000 0.446731 3.000000
64.000000 116.000000 0.000000 0.410313 2.000000
64.000000 117.000000 0.000000 0.430095 3.000000
63.000000 118.000000 0.000000 0.438323 3.000000
61.000000 119.000000 0.000000 0.420567 2.000000
63.000000 117.000000 0.000000 0.408186 2.000000
63.000000 37.000000 0.000000 0.000000 0.000000
