65.000000 148.000000 0.000000 0.404131 2.000000
68.000000 163.000000 0.000000 0.750334 3.000000
56.000000 42.000000 0.000000 0.201481 2.000000
56.000000 41.000000 0.000000 0.211910 3.000000
70.000000 42.000000 0.000000 0.207778 2.000000
70.000000 41.000000 0.000000 0.217566 3.000000
58.000000 51.000000 0.000000 0.338039 3.000000
63.000000 137.000000 0.000000 0.690608 3.000000
61.000000 53.000000 0.000000 0.181554 2.000000
67.000000 51.000000 0.000000 0.340668 3.000000
64.000000 104.000000 0.000000 0.579163 2.000000
64.000000 106.000000 0.000000 0.618134 3.000000
64.000000 54.000000 0.000000 0.203907 2.000000
58.000000 122.000000 0.000000 0.342520 2.000000
61.000000 124.000000 0.000000 0.376055 3.000000
63.000000 102.000000 0.000000 0.600074 3.000000
62.000000 114.000000 0.000000 0.492233 2.000000
63.000000 114.000000 0.000000 0.504102 3.000000
60.000000 116.000000 0.000000 0.535734 3.000000
63.000000 113.000000 0.000000 0.481157 2.000000
62.000000 126.000000 0.000000 0.342184 2.000000
63.000000 37.000000 0.000000 0.000000 0.000000
