66.000000 138.000000 0.000000 0.411536 2.000000
66.000000 153.000000 0.000000 0.759507 3.000000
61.000000 117.000000 0.000000 0.479753 2.000000
64.000000 126.000000 0.000000 0.685873 3.000000
56.000000 42.000000 0.000000 0.201866 2.000000
56.000000 41.000000 0.000000 0.212244 3.000000
70.000000 42.000000 0.000000 0.207459 2.000000
70.000000 41.000000 0.000000 0.217276 3.000000
58.000000 51.000000 0.000000 0.338111 3.000000
61.000000 53.000000 0.000000 0.181936 2.000000
67.000000 51.000000 0.000000 0.340460 3.000000
64.000000 54.000000 0.000000 0.203959 2.000000
61.000000 114.000000 0.000000 0.488034 2.000000
61.000000 116.000000 0.000000 0.497717 3.000000
64.000000 104.000000 0.000000 0.551473 2.000000
64.000000 101.000000 0.000000 0.561789 3.000000
62.000000 108.000000 0.000000 0.568995 2.000000
63.000000 107.000000 0.000000 0.605667 3.000000
64.000000 98.000000 0.000000 0.545444 2.000000
63.000000 93.000000 0.000000 0.572953 3.000000
62.000000 109.000000 0.000000 0.595858 3.000000
63.000000 37.000000 0.000000 0.000000 0.000000
