65.000000 121.000000 0.000000 0.341610 2.000000
65.000000 137.000000 0.000000 0.782595 3.000000
56.000000 42.000000 0.000000 0.202368 2.000000
56.000000 41.000000 0.000000 0.212523 3.000000
70.000000 42.000000 0.000000 0.205898 2.000000
70.000000 41.000000 0.000000 0.215648 3.000000
58.000000 51.000000 0.000000 0.335988 3.000000
62.000000 106.000000 0.000000 0.571978 2.000000
63.000000 109.000000 0.000000 0.608868 3.000000
62.000000 104.000000 0.000000 0.581902 3.000000
61.000000 53.000000 0.000000 0.177895 2.000000
67.000000 51.000000 0.000000 0.337261 3.000000
63.000000 97.000000 0.000000 0.550490 2.000000
63.000000 92.000000 0.000000 0.564789 3.000000
65.000000 117.000000 0.000000 0.453925 2.000000
64.000000 54.000000 0.000000 0.205170 2.000000
64.000000 117.000000 0.000000 0.464246 3.000000
63.000000 37.000000 0.000000 0.000000 0.000000
