65.000000 129.000000 0.000000 0.318909 2.000000
67.000000 146.000000 0.000000 0.760222 3.000000
56.000000 42.000000 0.000000 0.202483 2.000000
56.000000 41.000000 0.000000 0.212786 3.000000
70.000000 42.000000 0.000000 0.206789 2.000000
70.000000 41.000000 0.000000 0.216670 3.000000
58.000000 51.000000 0.000000 0.338581 3.000000
61.000000 53.000000 0.000000 0.181077 2.000000
67.000000 51.000000 0.000000 0.339877 3.000000
63.000000 105.000000 0.000000 0.571077 2.000000
63.000000 102.000000 0.000000 0.602981 3.000000
62.000000 107.000000 0.000000 0.601965 3.000000
64.000000 54.000000 0.000000 0.203949 2.000000
65.000000 125.000000 0.000000 0.436769 2.000000
64.000000 125.000000 0.000000 0.445489 3.000000
62.000000 120.000000 0.000000 0.452166 2.000000
61.000000 120.000000 0.000000 0.464794 3.000000
61.000000 113.000000 0.000000 0.544749 2.000000
63.000000 115.000000 0.000000 0.559440 2.000000
62.000000 114.000000 0.000000 0.573297 3.000000
63.000000 117.000000 0.000000 0.577180 2.000000
63.000000 116.000000 0.000000 0.593258 3.000000
64.000000 118.000000 0.000000 0.601798 3.000000
63.000000 37.000000 0.000000 0.000000 0.000000
