65.000000 131.000000 0.000000 0.374133 2.000000
66.000000 147.000000 0.000000 0.764487 3.000000
56.000000 42.000000 0.000000 0.202471 2.000000
56.000000 41.000000 0.000000 0.212846 3.000000
70.000000 42.000000 0.000000 0.206651 2.000000
70.000000 41.000000 0.000000 0.216640 3.000000
58.000000 51.000000 0.000000 0.338262 3.000000
62.000000 118.000000 0.000000 0.575107 2.000000
64.000000 121.000000 0.000000 0.613368 3.000000
63.000000 113.000000 0.000000 0.578564 2.000000
62.000000 114.000000 0.000000 0.599867 3.000000
63.000000 112.000000 0.000000 0.590313 3.000000
61.000000 53.000000 0.000000 0.180728 2.000000
67.000000 51.000000 0.000000 0.339508 3.000000
62.000000 108.000000 0.000000 0.547112 2.000000
62.000000 100.000000 0.000000 0.547418 2.000000
63.000000 97.000000 0.000000 0.584861 3.000000
64.000000 54.000000 0.000000 0.203783 2.000000
62.000000 103.000000 0.000000 0.575703 3.000000
63.000000 37.000000 0.000000 0.000000 0.000000
