66.000000 146.000000 0.000000 0.416078 2.000000
68.000000 161.000000 0.000000 0.768361 3.000000
56.000000 42.000000 0.000000 0.201237 2.000000
56.000000 41.000000 0.000000 0.211688 3.000000
70.000000 42.000000 0.000000 0.207954 2.000000
70.000000 41.000000 0.000000 0.217690 3.000000
58.000000 51.000000 0.000000 0.337696 3.000000
63.000000 134.000000 0.000000 0.688292 3.000000
61.000000 53.000000 0.000000 0.181254 2.000000
67.000000 51.000000 0.000000 0.340909 3.000000
64.000000 54.000000 0.000000 0.204103 2.000000
61.000000 119.000000 0.000000 0.414632 2.000000
61.000000 120.000000 0.000000 0.429286 3.000000
63.000000 101.000000 0.000000 0.558957 2.000000
63.000000 98.000000 0.000000 0.583731 3.000000
64.000000 103.000000 0.000000 0.597756 3.000000
63.000000 109.000000 0.000000 0.513407 2.000000
61.000000 113.000000 0.000000 0.590241 3.000000
65.000000 124.000000 0.000000 0.381016 2.000000
63.000000 37.000000 0.000000 0.000000 0.000000
