58.000000 138.000000 0.000000 0.377346 2.000000
58.000000 154.000000 0.000000 0.761723 3.000000
65.000000 119.000000 0.000000 0.421334 2.000000
60.000000 126.000000 0.000000 0.650139 3.000000
70.000000 42.000000 0.000000 0.201667 2.000000
70.000000 41.000000 0.000000 0.212089 3.000000
56.000000 42.000000 0.000000 0.207786 2.000000
56.000000 41.000000 0.000000 0.217581 3.000000
64.000000 54.000000 0.000000 0.203928 2.000000
67.000000 51.000000 0.000000 0.338168 3.000000
58.000000 51.000000 0.000000 0.340530 3.000000
61.000000 53.000000 0.000000 0.181433 2.000000
66.000000 116.000000 0.000000 0.433533 2.000000
65.000000 118.000000 0.000000 0.450032 3.000000
62.000000 98.000000 0.000000 0.548402 2.000000
62.000000 92.000000 0.000000 0.574054 3.000000
61.000000 107.000000 0.000000 0.560864 2.000000
61.000000 103.000000 0.000000 0.584733 3.000000
62.000000 110.000000 0.000000 0.578882 2.000000
62.000000 109.000000 0.000000 0.597309 3.000000
63.000000 111.000000 0.000000 0.591227 3.000000
63.000000 37.000000 0.000000 0.000000 0.000000
