66.000000 138.000000 0.000000 0.350473 2.000000
67.000000 154.000000 0.000000 0.780060 3.000000
56.000000 42.000000 0.000000 0.201211 2.000000
56.000000 41.000000 0.000000 0.211480 3.000000
70.000000 42.000000 0.000000 0.207218 2.000000
70.000000 41.000000 0.000000 0.216944 3.000000
58.000000 51.000000 0.000000 0.335479 3.000000
63.000000 115.000000 0.000000 0.526932 2.000000
63.000000 126.000000 0.000000 0.642358 3.000000
61.000000 53.000000 0.000000 0.178229 2.000000
67.000000 51.000000 0.000000 0.338285 3.000000
64.000000 54.000000 0.000000 0.205095 2.000000
63.000000 114.000000 0.000000 0.542178 3.000000
63.000000 98.000000 0.000000 0.550901 2.000000
63.000000 91.000000 0.000000 0.560261 3.000000
63.000000 113.000000 0.000000 0.525482 2.000000
62.000000 106.000000 0.000000 0.575205 2.000000
63.000000 104.000000 0.000000 0.602344 3.000000
62.000000 107.000000 0.000000 0.588264 3.000000
63.000000 37.000000 0.000000 0.000000 0.000000
