60.000000 144.000000 0.000000 0.488184 2.000000
63.000000 137.000000 0.000000 0.647099 3.000000
59.000000 159.000000 0.000000 0.743963 3.000000
70.000000 42.000000 0.000000 0.202037 2.000000
70.000000 41.000000 0.000000 0.212363 3.000000
56.000000 42.000000 0.000000 0.207207 2.000000
56.000000 41.000000 0.000000 0.217040 3.000000
64.000000 54.000000 0.000000 0.203891 2.000000
67.000000 51.000000 0.000000 0.338283 3.000000
62.000000 110.000000 0.000000 0.570903 2.000000
62.000000 108.000000 0.000000 0.612076 3.000000
63.000000 111.000000 0.000000 0.604381 3.000000
58.000000 51.000000 0.000000 0.340329 3.000000
62.000000 103.000000 0.000000 0.562711 2.000000
62.000000 95.000000 0.000000 0.583257 3.000000
64.000000 118.000000 0.000000 0.461298 2.000000
61.000000 53.000000 0.000000 0.181243 2.000000
61.000000 120.000000 0.000000 0.474112 3.000000
59.000000 124.000000 0.000000 0.376144 2.000000
63.000000 37.000000 0.000000 0.000000 0.000000
