59.000000 146.000000 0.000000 0.472081 2.000000
58.000000 160.000000 0.000000 0.753174 3.000000
70.000000 42.000000 0.000000 0.201528 2.000000
70.000000 41.000000 0.000000 0.211935 3.000000
56.000000 42.000000 0.000000 0.207544 2.000000
56.000000 41.000000 0.000000 0.217417 3.000000
64.000000 54.000000 0.000000 0.203674 2.000000
67.000000 51.000000 0.000000 0.337789 3.000000
58.000000 51.000000 0.000000 0.340680 3.000000
61.000000 135.000000 0.000000 0.697128 3.000000
61.000000 101.000000 0.000000 0.570211 2.000000
61.000000 103.000000 0.000000 0.598072 3.000000
62.000000 99.000000 0.000000 0.596771 3.000000
60.000000 104.000000 0.000000 0.553919 2.000000
65.000000 113.000000 0.000000 0.541234 2.000000
65.000000 114.000000 0.000000 0.566022 3.000000
64.000000 113.000000 0.000000 0.564680 3.000000
64.000000 112.000000 0.000000 0.526734 2.000000
60.000000 105.000000 0.000000 0.563603 3.000000
62.000000 110.000000 0.000000 0.504517 2.000000
60.000000 124.000000 0.000000 0.350161 2.000000
63.000000 112.000000 0.000000 0.545715 3.000000
63.000000 111.000000 0.000000 0.507131 2.000000
62.000000 111.000000 0.000000 0.523473 3.000000
65.000000 119.000000 0.000000 0.364728 2.000000
64.000000 120.000000 0.000000 0.369980 2.000000
63.000000 121.000000 0.000000 0.379136 3.000000
65.000000 120.000000 0.000000 0.378277 3.000000
61.000000 53.000000 0.000000 0.181610 2.000000
63.000000 37.000000 0.000000 0.000000 0.000000
