59.000000 151.000000 0.000000 0.525107 2.000000
57.000000 164.000000 0.000000 0.756292 3.000000
62.000000 142.000000 0.000000 0.653691 3.000000
70.000000 42.000000 0.000000 0.201258 2.000000
70.000000 41.000000 0.000000 0.211750 3.000000
56.000000 42.000000 0.000000 0.207877 2.000000
56.000000 41.000000 0.000000 0.217659 3.000000
64.000000 54.000000 0.000000 0.203107 2.000000
67.000000 51.000000 0.000000 0.337739 3.000000
61.000000 103.000000 0.000000 0.564655 2.000000
61.000000 105.000000 0.000000 0.605975 3.000000
62.000000 101.000000 0.000000 0.603890 3.000000
58.000000 51.000000 0.000000 0.340868 3.000000
61.000000 107.000000 0.000000 0.564451 2.000000
61.000000 113.000000 0.000000 0.485721 2.000000
65.000000 117.000000 0.000000 0.598273 3.000000
60.000000 107.000000 0.000000 0.572773 3.000000
61.000000 53.000000 0.000000 0.181981 2.000000
65.000000 123.000000 0.000000 0.378651 2.000000
63.000000 125.000000 0.000000 0.395210 3.000000
63.000000 129.000000 0.000000 0.308057 2.000000
63.000000 37.000000 0.000000 0.000000 0.000000
