65.000000 130.000000 0.000000 0.322734 2.000000
67.000000 148.000000 0.000000 0.782362 3.000000
63.000000 119.000000 0.000000 0.665500 2.000000
64.000000 120.000000 0.000000 0.684400 3.000000
63.000000 118.000000 0.000000 0.674349 3.000000
56.000000 42.000000 0.000000 0.201716 2.000000
56.000000 41.000000 0.000000 0.211958 3.000000
62.000000 102.000000 0.000000 0.557078 2.000000
63.000000 99.000000 0.000000 0.588643 3.000000
70.000000 42.000000 0.000000 0.206597 2.000000
70.000000 41.000000 0.000000 0.216301 3.000000
58.000000 51.000000 0.000000 0.335882 3.000000
62.000000 112.000000 0.000000 0.562512 2.000000
62.000000 109.000000 0.000000 0.584485 3.000000
67.000000 51.000000 0.000000 0.338019 3.000000
61.000000 53.000000 0.000000 0.178086 2.000000
64.000000 54.000000 0.000000 0.205517 2.000000
63.000000 37.000000 0.000000 0.000000 0.000000
