60.000000 130.000000 0.000000 0.322649 2.000000
58.000000 147.000000 0.000000 0.767219 3.000000
70.000000 42.000000 0.000000 0.202164 2.000000
70.000000 41.000000 0.000000 0.212514 3.000000
63.000000 111.000000 0.000000 0.541435 2.000000
61.000000 120.000000 0.000000 0.685510 3.000000
56.000000 42.000000 0.000000 0.207008 2.000000
56.000000 41.000000 0.000000 0.216912 3.000000
64.000000 54.000000 0.000000 0.203277 2.000000
67.000000 51.000000 0.000000 0.337514 3.000000
62.000000 102.000000 0.000000 0.554073 2.000000
62.000000 99.000000 0.000000 0.593131 3.000000
63.000000 107.000000 0.000000 0.554381 2.000000
63.000000 103.000000 0.000000 0.582923 3.000000
63.000000 109.000000 0.000000 0.568913 3.000000
58.000000 51.000000 0.000000 0.339363 3.000000
61.000000 53.000000 0.000000 0.180412 2.000000
63.000000 37.000000 0.000000 0.000000 0.000000
