66.000000 142.000000 0.000000 0.379564 2.000000
68.000000 158.000000 0.000000 0.777788 3.000000
63.000000 121.000000 0.000000 0.486950 2.000000
63.000000 130.000000 0.000000 0.680127 3.000000
64.000000 98.000000 0.000000 0.547722 2.000000
63.000000 96.000000 0.000000 0.587122 3.000000
56.000000 42.000000 0.000000 0.201133 2.000000
56.000000 41.000000 0.000000 0.211454 3.000000
70.000000 42.000000 0.000000 0.207320 2.000000
70.000000 41.000000 0.000000 0.216994 3.000000
58.000000 51.000000 0.000000 0.335629 3.000000
64.000000 100.000000 0.000000 0.585309 3.000000
63.000000 107.000000 0.000000 0.525261 2.000000
63.000000 109.000000 0.000000 0.542971 2.000000
62.000000 110.000000 0.000000 0.580443 3.000000
63.000000 108.000000 0.000000 0.554578 3.000000
63.000000 120.000000 0.000000 0.498532 3.000000
61.000000 116.000000 0.000000 0.471206 2.000000
61.000000 53.000000 0.000000 0.178307 2.000000
67.000000 51.000000 0.000000 0.338399 3.000000
64.000000 54.000000 0.000000 0.205127 2.000000
63.000000 37.000000 0.000000 0.000000 0.000000
