63.000000 123.000000 0.000000 0.311821 2.000000
66.000000 140.000000 0.000000 0.769897 3.000000
63.000000 111.000000 0.000000 0.569191 2.000000
64.000000 112.000000 0.000000 0.606723 3.000000
56.000000 42.000000 0.000000 0.202483 2.000000
56.000000 41.000000 0.000000 0.212688 3.000000
63.000000 109.000000 0.000000 0.599187 3.000000
70.000000 42.000000 0.000000 0.206026 2.000000
70.000000 41.000000 0.000000 0.215827 3.000000
62.000000 108.000000 0.000000 0.546007 2.000000
58.000000 51.000000 0.000000 0.336136 3.000000
63.000000 99.000000 0.000000 0.566084 2.000000
62.000000 103.000000 0.000000 0.586591 3.000000
63.000000 96.000000 0.000000 0.584084 3.000000
61.000000 53.000000 0.000000 0.178001 2.000000
67.000000 51.000000 0.000000 0.337304 3.000000
64.000000 54.000000 0.000000 0.205210 2.000000
63.000000 37.000000 0.000000 0.000000 0.000000
