62.000000 116.000000 0.000000 0.445798 2.000000
65.000000 130.000000 0.000000 0.794691 3.000000
56.000000 42.000000 0.000000 0.202625 2.000000
56.000000 41.000000 0.000000 0.212742 3.000000
70.000000 42.000000 0.000000 0.205633 2.000000
70.000000 41.000000 0.000000 0.215475 3.000000
58.000000 51.000000 0.000000 0.336240 3.000000
61.000000 53.000000 0.000000 0.178024 2.000000
67.000000 51.000000 0.000000 0.337151 3.000000
64.000000 54.000000 0.000000 0.205152 2.000000
61.000000 116.000000 0.000000 0.459933 3.000000
63.000000 99.000000 0.000000 0.551141 2.000000
62.000000 97.000000 0.000000 0.564533 3.000000
63.000000 102.000000 0.000000 0.598767 3.000000
60.000000 114.000000 0.000000 0.434185 2.000000
63.000000 37.000000 0.000000 0.000000 0.000000
