60.000000 138.000000 0.000000 0.380128 2.000000
57.000000 154.000000 0.000000 0.765476 3.000000
70.000000 42.000000 0.000000 0.201838 2.000000
70.000000 41.000000 0.000000 0.212205 3.000000
56.000000 42.000000 0.000000 0.207611 2.000000
56.000000 41.000000 0.000000 0.217404 3.000000
64.000000 54.000000 0.000000 0.203615 2.000000
67.000000 51.000000 0.000000 0.338207 3.000000
58.000000 51.000000 0.000000 0.340608 3.000000
63.000000 119.000000 0.000000 0.532747 2.000000
61.000000 126.000000 0.000000 0.688818 3.000000
61.000000 53.000000 0.000000 0.181442 2.000000
61.000000 95.000000 0.000000 0.539384 2.000000
61.000000 97.000000 0.000000 0.551301 3.000000
63.000000 118.000000 0.000000 0.551483 3.000000
62.000000 91.000000 0.000000 0.572810 3.000000
64.000000 115.000000 0.000000 0.516321 2.000000
62.000000 108.000000 0.000000 0.568200 2.000000
63.000000 109.000000 0.000000 0.602596 3.000000
62.000000 106.000000 0.000000 0.597475 3.000000
62.000000 100.000000 0.000000 0.535588 2.000000
64.000000 110.000000 0.000000 0.551163 2.000000
64.000000 111.000000 0.000000 0.576442 3.000000
63.000000 37.000000 0.000000 0.000000 0.000000
