67.000000 119.000000 0.000000 0.296942 2.000000
59.000000 137.000000 0.000000 0.786611 3.000000
62.000000 108.000000 0.000000 0.602653 2.000000
62.000000 107.000000 0.000000 0.623609 3.000000
70.000000 42.000000 0.000000 0.202294 2.000000
70.000000 41.000000 0.000000 0.212499 3.000000
61.000000 109.000000 0.000000 0.615422 3.000000
56.000000 42.000000 0.000000 0.206117 2.000000
56.000000 41.000000 0.000000 0.215868 3.000000
62.000000 95.000000 0.000000 0.541989 2.000000
62.000000 90.000000 0.000000 0.556115 3.000000
64.000000 54.000000 0.000000 0.204536 2.000000
67.000000 51.000000 0.000000 0.335922 3.000000
58.000000 51.000000 0.000000 0.337515 3.000000
61.000000 53.000000 0.000000 0.178516 2.000000
63.000000 37.000000 0.000000 0.000000 0.000000
