66.000000 127.000000 0.000000 0.362322 2.000000
66.000000 144.000000 0.000000 0.772646 3.000000
64.000000 118.000000 0.000000 0.603897 2.000000
64.000000 117.000000 0.000000 0.635720 3.000000
56.000000 42.000000 0.000000 0.202032 2.000000
56.000000 41.000000 0.000000 0.212241 3.000000
70.000000 42.000000 0.000000 0.206249 2.000000
70.000000 41.000000 0.000000 0.215985 3.000000
58.000000 51.000000 0.000000 0.336016 3.000000
65.000000 118.000000 0.000000 0.625244 3.000000
62.000000 114.000000 0.000000 0.571038 2.000000
62.000000 110.000000 0.000000 0.609264 3.000000
63.000000 101.000000 0.000000 0.556639 2.000000
63.000000 97.000000 0.000000 0.588058 3.000000
61.000000 53.000000 0.000000 0.178067 2.000000
67.000000 51.000000 0.000000 0.337502 3.000000
64.000000 54.000000 0.000000 0.205130 2.000000
63.000000 37.000000 0.000000 0.000000 0.000000
