64.000000 126.000000 0.000000 0.314881 2.000000
66.000000 144.000000 0.000000 0.778974 3.000000
56.000000 42.000000 0.000000 0.201851 2.000000
56.000000 41.000000 0.000000 0.212130 3.000000
70.000000 42.000000 0.000000 0.206582 2.000000
70.000000 41.000000 0.000000 0.216360 3.000000
63.000000 111.000000 0.000000 0.579475 2.000000
63.000000 115.000000 0.000000 0.652129 3.000000
58.000000 51.000000 0.000000 0.336026 3.000000
63.000000 108.000000 0.000000 0.587987 3.000000
63.000000 99.000000 0.000000 0.542057 2.000000
61.000000 53.000000 0.000000 0.178080 2.000000
67.000000 51.000000 0.000000 0.337818 3.000000
63.000000 95.000000 0.000000 0.579572 3.000000
64.000000 54.000000 0.000000 0.205307 2.000000
63.000000 37.000000 0.000000 0.000000 0.000000
