57.000000 149.000000 0.000000 0.436504 2.000000
57.000000 164.000000 0.000000 0.750354 3.000000
70.000000 42.000000 0.000000 0.200991 2.000000
70.000000 41.000000 0.000000 0.211453 3.000000
56.000000 42.000000 0.000000 0.208397 2.000000
56.000000 41.000000 0.000000 0.218096 3.000000
64.000000 54.000000 0.000000 0.203468 2.000000
67.000000 51.000000 0.000000 0.337685 3.000000
58.000000 51.000000 0.000000 0.341185 3.000000
61.000000 53.000000 0.000000 0.181618 2.000000
61.000000 103.000000 0.000000 0.576420 2.000000
61.000000 105.000000 0.000000 0.592366 3.000000
62.000000 100.000000 0.000000 0.596761 3.000000
61.000000 109.000000 0.000000 0.575646 2.000000
60.000000 112.000000 0.000000 0.614557 3.000000
67.000000 127.000000 0.000000 0.250621 2.000000
58.000000 137.000000 0.000000 0.663792 3.000000
63.000000 37.000000 0.000000 0.000000 0.000000
