67.000000 145.000000 0.000000 0.393137 2.000000
68.000000 161.000000 0.000000 0.774047 3.000000
65.000000 123.000000 0.000000 0.413860 2.000000
64.000000 131.000000 0.000000 0.670014 3.000000
56.000000 42.000000 0.000000 0.200710 2.000000
56.000000 41.000000 0.000000 0.211056 3.000000
70.000000 42.000000 0.000000 0.207642 2.000000
70.000000 41.000000 0.000000 0.217332 3.000000
58.000000 51.000000 0.000000 0.335265 3.000000
61.000000 53.000000 0.000000 0.178162 2.000000
67.000000 51.000000 0.000000 0.338593 3.000000
63.000000 111.000000 0.000000 0.579320 2.000000
62.000000 112.000000 0.000000 0.605627 3.000000
63.000000 110.000000 0.000000 0.594969 3.000000
64.000000 54.000000 0.000000 0.205302 2.000000
64.000000 108.000000 0.000000 0.565071 2.000000
63.000000 97.000000 0.000000 0.552540 2.000000
63.000000 94.000000 0.000000 0.561205 3.000000
64.000000 103.000000 0.000000 0.589284 3.000000
63.000000 37.000000 0.000000 0.000000 0.000000
