66.000000 138.000000 0.000000 0.362545 2.000000
67.000000 154.000000 0.000000 0.776583 3.000000
56.000000 42.000000 0.000000 0.201296 2.000000
56.000000 41.000000 0.000000 0.211605 3.000000
70.000000 42.000000 0.000000 0.206955 2.000000
70.000000 41.000000 0.000000 0.216653 3.000000
58.000000 51.000000 0.000000 0.335570 3.000000
62.000000 118.000000 0.000000 0.534043 2.000000
64.000000 128.000000 0.000000 0.692387 3.000000
61.000000 53.000000 0.000000 0.177968 2.000000
67.000000 51.000000 0.000000 0.338156 3.000000
63.000000 107.000000 0.000000 0.570152 2.000000
62.000000 108.000000 0.000000 0.597138 3.000000
63.000000 105.000000 0.000000 0.593966 3.000000
64.000000 54.000000 0.000000 0.205588 2.000000
62.000000 116.000000 0.000000 0.557207 3.000000
64.000000 102.000000 0.000000 0.534904 2.000000
61.000000 115.000000 0.000000 0.511050 2.000000
63.000000 95.000000 0.000000 0.549377 2.000000
63.000000 92.000000 0.000000 0.565208 3.000000
64.000000 98.000000 0.000000 0.559630 3.000000
63.000000 37.000000 0.000000 0.000000 0.000000
