67.000000 139.000000 0.000000 0.417345 2.000000
66.000000 154.000000 0.000000 0.767455 3.000000
56.000000 42.000000 0.000000 0.201808 2.000000
56.000000 41.000000 0.000000 0.212211 3.000000
70.000000 42.000000 0.000000 0.207300 2.000000
70.000000 41.000000 0.000000 0.217137 3.000000
58.000000 51.000000 0.000000 0.337922 3.000000
61.000000 53.000000 0.000000 0.181218 2.000000
67.000000 51.000000 0.000000 0.340191 3.000000
64.000000 126.000000 0.000000 0.645534 2.000000
64.000000 128.000000 0.000000 0.677058 3.000000
63.000000 125.000000 0.000000 0.674142 3.000000
64.000000 54.000000 0.000000 0.203597 2.000000
62.000000 114.000000 0.000000 0.536817 2.000000
63.000000 102.000000 0.000000 0.562988 2.000000
63.000000 98.000000 0.000000 0.573089 3.000000
63.000000 109.000000 0.000000 0.572419 2.000000
62.000000 110.000000 0.000000 0.592630 3.000000
63.000000 107.000000 0.000000 0.607702 3.000000
63.000000 37.000000 0.000000 0.000000 0.000000
