65.000000 131.000000 0.000000 0.351266 2.000000
66.000000 147.000000 0.000000 0.768197 3.000000
56.000000 42.000000 0.000000 0.202036 2.000000
56.000000 41.000000 0.000000 0.212449 3.000000
70.000000 42.000000 0.000000 0.206988 2.000000
70.000000 41.000000 0.000000 0.216896 3.000000
63.000000 117.000000 0.000000 0.585638 2.000000
64.000000 120.000000 0.000000 0.630068 3.000000
58.000000 51.000000 0.000000 0.337309 3.000000
62.000000 114.000000 0.000000 0.611416 3.000000
62.000000 108.000000 0.000000 0.560919 2.000000
63.000000 101.000000 0.000000 0.558063 2.000000
63.000000 98.000000 0.000000 0.588975 3.000000
61.000000 53.000000 0.000000 0.180005 2.000000
67.000000 51.000000 0.000000 0.339274 3.000000
62.000000 103.000000 0.000000 0.575409 3.000000
64.000000 54.000000 0.000000 0.203973 2.000000
63.000000 37.000000 0.000000 0.000000 0.000000
