66.000000 142.000000 0.000000 0.444212 2.000000
65.000000 131.000000 0.000000 0.697023 3.000000
67.000000 157.000000 0.000000 0.758420 3.000000
56.000000 42.000000 0.000000 0.201648 2.000000
56.000000 41.000000 0.000000 0.212061 3.000000
70.000000 42.000000 0.000000 0.207578 2.000000
70.000000 41.000000 0.000000 0.217397 3.000000
58.000000 51.000000 0.000000 0.337828 3.000000
61.000000 53.000000 0.000000 0.181870 2.000000
63.000000 111.000000 0.000000 0.585613 2.000000
63.000000 110.000000 0.000000 0.604606 3.000000
67.000000 51.000000 0.000000 0.340546 3.000000
62.000000 112.000000 0.000000 0.602709 3.000000
64.000000 108.000000 0.000000 0.554591 2.000000
64.000000 103.000000 0.000000 0.581209 3.000000
63.000000 99.000000 0.000000 0.546327 2.000000
63.000000 95.000000 0.000000 0.579029 3.000000
64.000000 54.000000 0.000000 0.204003 2.000000
61.000000 119.000000 0.000000 0.428512 2.000000
61.000000 120.000000 0.000000 0.436720 3.000000
62.000000 122.000000 0.000000 0.441890 2.000000
62.000000 121.000000 0.000000 0.454663 3.000000
62.000000 120.000000 0.000000 0.425380 2.000000
63.000000 37.000000 0.000000 0.000000 0.000000
