67.000000 149.000000 0.000000 0.452338 2.000000
69.000000 164.000000 0.000000 0.761790 3.000000
56.000000 42.000000 0.000000 0.201105 2.000000
56.000000 41.000000 0.000000 0.211588 3.000000
70.000000 42.000000 0.000000 0.208186 2.000000
70.000000 41.000000 0.000000 0.217895 3.000000
63.000000 138.000000 0.000000 0.682036 3.000000
58.000000 51.000000 0.000000 0.337619 3.000000
61.000000 53.000000 0.000000 0.181507 2.000000
67.000000 51.000000 0.000000 0.341088 3.000000
63.000000 103.000000 0.000000 0.578333 2.000000
64.000000 105.000000 0.000000 0.611355 3.000000
63.000000 101.000000 0.000000 0.591429 3.000000
63.000000 113.000000 0.000000 0.510210 2.000000
64.000000 54.000000 0.000000 0.204415 2.000000
60.000000 122.000000 0.000000 0.365638 2.000000
62.000000 124.000000 0.000000 0.391481 3.000000
60.000000 116.000000 0.000000 0.561305 3.000000
62.000000 127.000000 0.000000 0.324804 2.000000
63.000000 37.000000 0.000000 0.000000 0.000000
