56.000000 42.000000 0.000000 0.202544 2.000000
56.000000 41.000000 0.000000 0.212695 3.000000
70.000000 42.000000 0.000000 0.205879 2.000000
70.000000 41.000000 0.000000 0.215672 3.000000
58.000000 51.000000 0.000000 0.336008 3.000000
60.000000 116.000000 0.000000 0.397266 2.000000
65.000000 131.000000 0.000000 0.788640 3.000000
63.000000 103.000000 0.000000 0.567446 2.000000
63.000000 101.000000 0.000000 0.596175 3.000000
64.000000 104.000000 0.000000 0.582580 3.000000
60.000000 113.000000 0.000000 0.394669 2.000000
61.000000 53.000000 0.000000 0.177961 2.000000
67.000000 51.000000 0.000000 0.337287 3.000000
64.000000 54.000000 0.000000 0.205263 2.000000
60.000000 115.000000 0.000000 0.405321 3.000000
63.000000 37.000000 0.000000 0.000000 0.000000
