67.000000 150.000000 0.000000 0.528897 2.000000
67.000000 164.000000 0.000000 0.749536 3.000000
66.000000 139.000000 0.000000 0.715039 3.000000
56.000000 42.000000 0.000000 0.201294 2.000000
56.000000 41.000000 0.000000 0.211736 3.000000
70.000000 42.000000 0.000000 0.207888 2.000000
70.000000 41.000000 0.000000 0.217660 3.000000
65.000000 107.000000 0.000000 0.565879 2.000000
64.000000 105.000000 0.000000 0.601682 3.000000
58.000000 51.000000 0.000000 0.337634 3.000000
63.000000 103.000000 0.000000 0.559610 2.000000
63.000000 99.000000 0.000000 0.593158 3.000000
65.000000 109.000000 0.000000 0.578916 3.000000
64.000000 112.000000 0.000000 0.535532 2.000000
61.000000 118.000000 0.000000 0.576529 3.000000
61.000000 53.000000 0.000000 0.181344 2.000000
67.000000 51.000000 0.000000 0.341073 3.000000
62.000000 126.000000 0.000000 0.298568 2.000000
64.000000 54.000000 0.000000 0.204096 2.000000
63.000000 37.000000 0.000000 0.000000 0.000000
