60.000000 117.000000 0.000000 0.381828 2.000000
65.000000 134.000000 0.000000 0.787751 3.000000
56.000000 42.000000 0.000000 0.202641 2.000000
56.000000 41.000000 0.000000 0.212835 3.000000
70.000000 42.000000 0.000000 0.205812 2.000000
70.000000 41.000000 0.000000 0.215601 3.000000
58.000000 51.000000 0.000000 0.336098 3.000000
61.000000 53.000000 0.000000 0.178044 2.000000
67.000000 51.000000 0.000000 0.337155 3.000000
64.000000 54.000000 0.000000 0.205254 2.000000
63.000000 107.000000 0.000000 0.568808 2.000000
64.000000 108.000000 0.000000 0.590896 3.000000
63.000000 105.000000 0.000000 0.604530 3.000000
63.000000 37.000000 0.000000 0.000000 0.000000
