67.000000 145.000000 0.000000 0.407332 2.000000
68.000000 161.000000 0.000000 0.775581 3.000000
56.000000 42.000000 0.000000 0.200868 2.000000
56.000000 41.000000 0.000000 0.211206 3.000000
70.000000 42.000000 0.000000 0.207490 2.000000
70.000000 41.000000 0.000000 0.217151 3.000000
60.000000 120.000000 0.000000 0.414089 2.000000
64.000000 133.000000 0.000000 0.697425 3.000000
58.000000 51.000000 0.000000 0.335521 3.000000
61.000000 53.000000 0.000000 0.178279 2.000000
67.000000 51.000000 0.000000 0.338590 3.000000
64.000000 54.000000 0.000000 0.205235 2.000000
64.000000 110.000000 0.000000 0.500277 2.000000
60.000000 114.000000 0.000000 0.548972 3.000000
63.000000 101.000000 0.000000 0.559854 2.000000
64.000000 102.000000 0.000000 0.592406 3.000000
63.000000 99.000000 0.000000 0.592061 3.000000
64.000000 104.000000 0.000000 0.554982 2.000000
65.000000 104.000000 0.000000 0.572913 3.000000
63.000000 37.000000 0.000000 0.000000 0.000000
