66.000000 143.000000 0.000000 0.439069 2.000000
66.000000 161.000000 0.000000 0.764896 3.000000
64.000000 130.000000 0.000000 0.708372 3.000000
56.000000 42.000000 0.000000 0.201676 2.000000
56.000000 41.000000 0.000000 0.212102 3.000000
70.000000 42.000000 0.000000 0.207314 2.000000
70.000000 41.000000 0.000000 0.217147 3.000000
58.000000 51.000000 0.000000 0.338007 3.000000
61.000000 53.000000 0.000000 0.181774 2.000000
67.000000 51.000000 0.000000 0.340211 3.000000
62.000000 112.000000 0.000000 0.567144 2.000000
62.000000 113.000000 0.000000 0.605539 3.000000
63.000000 111.000000 0.000000 0.600859 3.000000
64.000000 54.000000 0.000000 0.203864 2.000000
64.000000 110.000000 0.000000 0.553056 2.000000
63.000000 99.000000 0.000000 0.557475 2.000000
63.000000 94.000000 0.000000 0.580088 3.000000
64.000000 105.000000 0.000000 0.591842 3.000000
61.000000 119.000000 0.000000 0.413956 2.000000
63.000000 37.000000 0.000000 0.000000 0.000000
