56.000000 42.000000 0.000000 0.202162 2.000000
56.000000 41.000000 0.000000 0.212343 3.000000
63.000000 113.000000 0.000000 0.608989 2.000000
64.000000 114.000000 0.000000 0.639417 3.000000
70.000000 42.000000 0.000000 0.206229 2.000000
70.000000 41.000000 0.000000 0.216015 3.000000
63.000000 112.000000 0.000000 0.637212 3.000000
58.000000 51.000000 0.000000 0.335942 3.000000
62.000000 98.000000 0.000000 0.548942 2.000000
63.000000 94.000000 0.000000 0.574111 3.000000
64.000000 124.000000 0.000000 0.317592 2.000000
66.000000 141.000000 0.000000 0.788196 3.000000
61.000000 53.000000 0.000000 0.177994 2.000000
67.000000 51.000000 0.000000 0.337551 3.000000
64.000000 54.000000 0.000000 0.205184 2.000000
63.000000 37.000000 0.000000 0.000000 0.000000
