65.000000 143.000000 0.000000 0.417225 2.000000
68.000000 157.000000 0.000000 0.762003 3.000000
64.000000 122.000000 0.000000 0.493013 2.000000
63.000000 131.000000 0.000000 0.712757 3.000000
56.000000 42.000000 0.000000 0.201490 2.000000
56.000000 41.000000 0.000000 0.211871 3.000000
70.000000 42.000000 0.000000 0.207648 2.000000
70.000000 41.000000 0.000000 0.217461 3.000000
58.000000 51.000000 0.000000 0.337963 3.000000
62.000000 110.000000 0.000000 0.581711 2.000000
63.000000 109.000000 0.000000 0.612257 3.000000
62.000000 111.000000 0.000000 0.603476 3.000000
61.000000 116.000000 0.000000 0.487174 2.000000
61.000000 53.000000 0.000000 0.181990 2.000000
67.000000 51.000000 0.000000 0.340545 3.000000
64.000000 54.000000 0.000000 0.204047 2.000000
62.000000 119.000000 0.000000 0.517941 3.000000
63.000000 120.000000 0.000000 0.518697 3.000000
62.000000 120.000000 0.000000 0.483841 2.000000
63.000000 37.000000 0.000000 0.000000 0.000000
