61.000000 130.000000 0.000000 0.362677 2.000000
59.000000 146.000000 0.000000 0.755596 3.000000
70.000000 42.000000 0.000000 0.202714 2.000000
70.000000 41.000000 0.000000 0.212990 3.000000
62.000000 114.000000 0.000000 0.560701 2.000000
62.000000 120.000000 0.000000 0.657536 3.000000
56.000000 42.000000 0.000000 0.206599 2.000000
56.000000 41.000000 0.000000 0.216468 3.000000
64.000000 54.000000 0.000000 0.203293 2.000000
67.000000 51.000000 0.000000 0.338517 3.000000
62.000000 112.000000 0.000000 0.589686 3.000000
62.000000 106.000000 0.000000 0.551573 2.000000
62.000000 98.000000 0.000000 0.562814 2.000000
63.000000 102.000000 0.000000 0.583316 3.000000
62.000000 95.000000 0.000000 0.579222 3.000000
58.000000 51.000000 0.000000 0.339736 3.000000
61.000000 53.000000 0.000000 0.181213 2.000000
63.000000 37.000000 0.000000 0.000000 0.000000
