64.000000 124.000000 0.000000 0.345510 2.000000
65.000000 140.000000 0.000000 0.781238 3.000000
56.000000 42.000000 0.000000 0.202470 2.000000
56.000000 41.000000 0.000000 0.212655 3.000000
70.000000 42.000000 0.000000 0.205797 2.000000
70.000000 41.000000 0.000000 0.215643 3.000000
58.000000 51.000000 0.000000 0.336248 3.000000
61.000000 53.000000 0.000000 0.177985 2.000000
67.000000 51.000000 0.000000 0.337378 3.000000
64.000000 54.000000 0.000000 0.205264 2.000000
66.000000 120.000000 0.000000 0.409748 2.000000
64.000000 121.000000 0.000000 0.421189 3.000000
63.000000 97.000000 0.000000 0.541035 2.000000
63.000000 93.000000 0.000000 0.568617 3.000000
62.000000 112.000000 0.000000 0.543458 2.000000
64.000000 114.000000 0.000000 0.573790 3.000000
62.000000 107.000000 0.000000 0.617667 3.000000
63.000000 37.000000 0.000000 0.000000 0.000000
