58.000000 145.000000 0.000000 0.413752 2.000000
57.000000 160.000000 0.000000 0.754141 3.000000
59.000000 133.000000 0.000000 0.659715 3.000000
62.000000 100.000000 0.000000 0.561930 2.000000
61.000000 107.000000 0.000000 0.597074 3.000000
70.000000 42.000000 0.000000 0.201230 2.000000
70.000000 41.000000 0.000000 0.211691 3.000000
56.000000 42.000000 0.000000 0.208193 2.000000
56.000000 41.000000 0.000000 0.217934 3.000000
64.000000 54.000000 0.000000 0.203680 2.000000
67.000000 51.000000 0.000000 0.337756 3.000000
62.000000 97.000000 0.000000 0.591350 3.000000
58.000000 51.000000 0.000000 0.340905 3.000000
62.000000 114.000000 0.000000 0.514145 2.000000
65.000000 117.000000 0.000000 0.530057 2.000000
64.000000 117.000000 0.000000 0.557703 3.000000
63.000000 117.000000 0.000000 0.528103 2.000000
63.000000 116.000000 0.000000 0.548892 3.000000
62.000000 116.000000 0.000000 0.524007 2.000000
62.000000 115.000000 0.000000 0.547555 3.000000
61.000000 53.000000 0.000000 0.181528 2.000000
65.000000 118.000000 0.000000 0.547186 3.000000
67.000000 123.000000 0.000000 0.304494 2.000000
63.000000 37.000000 0.000000 0.000000 0.000000
