58.000000 144.000000 0.000000 0.416480 2.000000
58.000000 159.000000 0.000000 0.734597 3.000000
61.000000 133.000000 0.000000 0.666197 3.000000
70.000000 42.000000 0.000000 0.201437 2.000000
70.000000 41.000000 0.000000 0.211821 3.000000
56.000000 42.000000 0.000000 0.207744 2.000000
56.000000 41.000000 0.000000 0.217491 3.000000
64.000000 54.000000 0.000000 0.203801 2.000000
67.000000 51.000000 0.000000 0.338109 3.000000
58.000000 51.000000 0.000000 0.340764 3.000000
61.000000 53.000000 0.000000 0.180843 2.000000
63.000000 117.000000 0.000000 0.604095 2.000000
62.000000 116.000000 0.000000 0.631702 3.000000
64.000000 118.000000 0.000000 0.570097 2.000000
64.000000 119.000000 0.000000 0.588618 3.000000
63.000000 118.000000 0.000000 0.614499 3.000000
61.000000 113.000000 0.000000 0.583827 2.000000
61.000000 106.000000 0.000000 0.593062 3.000000
61.000000 103.000000 0.000000 0.576364 2.000000
62.000000 99.000000 0.000000 0.600782 3.000000
67.000000 125.000000 0.000000 0.346420 2.000000
63.000000 37.000000 0.000000 0.000000 0.000000
