66.000000 139.000000 0.000000 0.436768 2.000000
66.000000 157.000000 0.000000 0.760747 3.000000
56.000000 42.000000 0.000000 0.201875 2.000000
56.000000 41.000000 0.000000 0.212219 3.000000
70.000000 42.000000 0.000000 0.207195 2.000000
70.000000 41.000000 0.000000 0.217091 3.000000
58.000000 51.000000 0.000000 0.338035 3.000000
61.000000 53.000000 0.000000 0.181931 2.000000
67.000000 51.000000 0.000000 0.340337 3.000000
64.000000 54.000000 0.000000 0.203898 2.000000
63.000000 117.000000 0.000000 0.468901 2.000000
62.000000 117.000000 0.000000 0.487200 3.000000
63.000000 119.000000 0.000000 0.486547 2.000000
63.000000 118.000000 0.000000 0.503815 3.000000
63.000000 99.000000 0.000000 0.559729 2.000000
64.000000 102.000000 0.000000 0.569549 3.000000
63.000000 94.000000 0.000000 0.576351 3.000000
63.000000 105.000000 0.000000 0.558724 2.000000
63.000000 109.000000 0.000000 0.557052 2.000000
62.000000 109.000000 0.000000 0.594512 3.000000
63.000000 107.000000 0.000000 0.600292 3.000000
62.000000 116.000000 0.000000 0.465056 2.000000
63.000000 129.000000 0.000000 0.604032 2.000000
63.000000 126.000000 0.000000 0.616718 3.000000
63.000000 132.000000 0.000000 0.624959 3.000000
63.000000 37.000000 0.000000 0.000000 0.000000
