64.000000 120.000000 0.000000 0.309813 2.000000
66.000000 138.000000 0.000000 0.789313 3.000000
56.000000 42.000000 0.000000 0.202232 2.000000
56.000000 41.000000 0.000000 0.212457 3.000000
70.000000 42.000000 0.000000 0.206194 2.000000
70.000000 41.000000 0.000000 0.216015 3.000000
63.000000 107.000000 0.000000 0.570929 2.000000
63.000000 109.000000 0.000000 0.603694 3.000000
58.000000 51.000000 0.000000 0.335757 3.000000
62.000000 104.000000 0.000000 0.587725 3.000000
63.000000 95.000000 0.000000 0.541591 2.000000
63.000000 91.000000 0.000000 0.559548 3.000000
61.000000 53.000000 0.000000 0.177740 2.000000
67.000000 51.000000 0.000000 0.337542 3.000000
64.000000 54.000000 0.000000 0.205306 2.000000
63.000000 37.000000 0.000000 0.000000 0.000000
