67.000000 145.000000 0.000000 0.355195 2.000000
68.000000 162.000000 0.000000 0.750202 3.000000
56.000000 42.000000 0.000000 0.201078 2.000000
56.000000 41.000000 0.000000 0.211481 3.000000
70.000000 42.000000 0.000000 0.207982 2.000000
70.000000 41.000000 0.000000 0.217799 3.000000
58.000000 51.000000 0.000000 0.337889 3.000000
61.000000 53.000000 0.000000 0.182252 2.000000
67.000000 51.000000 0.000000 0.340814 3.000000
64.000000 54.000000 0.000000 0.203890 2.000000
64.000000 114.000000 0.000000 0.544829 2.000000
64.000000 113.000000 0.000000 0.555379 3.000000
63.000000 103.000000 0.000000 0.567822 2.000000
63.000000 100.000000 0.000000 0.590816 3.000000
64.000000 105.000000 0.000000 0.602565 3.000000
65.000000 111.000000 0.000000 0.544095 2.000000
62.000000 122.000000 0.000000 0.652990 3.000000
62.000000 126.000000 0.000000 0.369483 2.000000
63.000000 136.000000 0.000000 0.630546 3.000000
63.000000 37.000000 0.000000 0.000000 0.000000
