67.000000 146.000000 0.000000 0.488045 2.000000
67.000000 161.000000 0.000000 0.760691 3.000000
56.000000 42.000000 0.000000 0.201314 2.000000
56.000000 41.000000 0.000000 0.211782 3.000000
70.000000 42.000000 0.000000 0.207783 2.000000
70.000000 41.000000 0.000000 0.217624 3.000000
58.000000 51.000000 0.000000 0.337782 3.000000
65.000000 135.000000 0.000000 0.705786 3.000000
61.000000 53.000000 0.000000 0.181842 2.000000
67.000000 51.000000 0.000000 0.340571 3.000000
64.000000 112.000000 0.000000 0.560606 2.000000
64.000000 107.000000 0.000000 0.605505 3.000000
64.000000 54.000000 0.000000 0.204041 2.000000
61.000000 121.000000 0.000000 0.435161 2.000000
61.000000 122.000000 0.000000 0.449209 3.000000
62.000000 124.000000 0.000000 0.451532 2.000000
62.000000 123.000000 0.000000 0.463222 3.000000
63.000000 97.000000 0.000000 0.549059 2.000000
63.000000 93.000000 0.000000 0.566137 3.000000
62.000000 116.000000 0.000000 0.567900 2.000000
62.000000 115.000000 0.000000 0.600402 3.000000
62.000000 114.000000 0.000000 0.564152 2.000000
63.000000 113.000000 0.000000 0.587954 3.000000
61.000000 116.000000 0.000000 0.586303 3.000000
62.000000 122.000000 0.000000 0.424172 2.000000
63.000000 37.000000 0.000000 0.000000 0.000000
