65.000000 137.000000 0.000000 0.328954 2.000000
68.000000 154.000000 0.000000 0.769954 3.000000
56.000000 42.000000 0.000000 0.201664 2.000000
56.000000 41.000000 0.000000 0.212099 3.000000
70.000000 42.000000 0.000000 0.207301 2.000000
70.000000 41.000000 0.000000 0.217229 3.000000
58.000000 51.000000 0.000000 0.337787 3.000000
62.000000 118.000000 0.000000 0.541754 2.000000
64.000000 125.000000 0.000000 0.669488 3.000000
62.000000 108.000000 0.000000 0.572135 2.000000
63.000000 106.000000 0.000000 0.600253 3.000000
62.000000 110.000000 0.000000 0.598072 3.000000
61.000000 53.000000 0.000000 0.180893 2.000000
67.000000 51.000000 0.000000 0.339982 3.000000
61.000000 111.000000 0.000000 0.562604 2.000000
61.000000 112.000000 0.000000 0.574010 3.000000
64.000000 102.000000 0.000000 0.545292 2.000000
63.000000 93.000000 0.000000 0.569157 3.000000
64.000000 54.000000 0.000000 0.203555 2.000000
61.000000 117.000000 0.000000 0.550304 3.000000
61.000000 115.000000 0.000000 0.539564 2.000000
63.000000 37.000000 0.000000 0.000000 0.000000
