60.000000 130.000000 0.000000 0.332712 2.000000
58.000000 147.000000 0.000000 0.772052 3.000000
62.000000 112.000000 0.000000 0.547185 2.000000
61.000000 120.000000 0.000000 0.684358 3.000000
70.000000 42.000000 0.000000 0.201820 2.000000
70.000000 41.000000 0.000000 0.212067 3.000000
56.000000 42.000000 0.000000 0.206887 2.000000
56.000000 41.000000 0.000000 0.216636 3.000000
64.000000 54.000000 0.000000 0.204562 2.000000
67.000000 51.000000 0.000000 0.335959 3.000000
63.000000 103.000000 0.000000 0.573608 2.000000
62.000000 100.000000 0.000000 0.593217 3.000000
58.000000 51.000000 0.000000 0.337961 3.000000
63.000000 105.000000 0.000000 0.587065 3.000000
61.000000 53.000000 0.000000 0.178494 2.000000
63.000000 37.000000 0.000000 0.000000 0.000000
