66.000000 138.000000 0.000000 0.360178 2.000000
67.000000 154.000000 0.000000 0.774006 3.000000
63.000000 117.000000 0.000000 0.501206 2.000000
63.000000 126.000000 0.000000 0.687272 3.000000
56.000000 42.000000 0.000000 0.201240 2.000000
56.000000 41.000000 0.000000 0.211582 3.000000
70.000000 42.000000 0.000000 0.207160 2.000000
70.000000 41.000000 0.000000 0.216880 3.000000
58.000000 51.000000 0.000000 0.335637 3.000000
61.000000 53.000000 0.000000 0.178298 2.000000
67.000000 51.000000 0.000000 0.338226 3.000000
64.000000 54.000000 0.000000 0.205074 2.000000
63.000000 115.000000 0.000000 0.529417 3.000000
64.000000 102.000000 0.000000 0.542046 2.000000
63.000000 93.000000 0.000000 0.573902 3.000000
62.000000 112.000000 0.000000 0.496357 2.000000
62.000000 106.000000 0.000000 0.569288 2.000000
63.000000 105.000000 0.000000 0.596515 3.000000
62.000000 107.000000 0.000000 0.591785 3.000000
63.000000 37.000000 0.000000 0.000000 0.000000
