58.000000 119.000000 0.000000 0.299977 2.000000
66.000000 138.000000 0.000000 0.784421 3.000000
63.000000 109.000000 0.000000 0.583534 2.000000
64.000000 109.000000 0.000000 0.595367 3.000000
63.000000 108.000000 0.000000 0.611884 3.000000
62.000000 106.000000 0.000000 0.576425 2.000000
62.000000 103.000000 0.000000 0.594190 3.000000
56.000000 42.000000 0.000000 0.202390 2.000000
56.000000 41.000000 0.000000 0.212595 3.000000
70.000000 42.000000 0.000000 0.205906 2.000000
70.000000 41.000000 0.000000 0.215729 3.000000
63.000000 93.000000 0.000000 0.532309 2.000000
63.000000 89.000000 0.000000 0.553107 3.000000
58.000000 51.000000 0.000000 0.336108 3.000000
67.000000 51.000000 0.000000 0.337317 3.000000
61.000000 53.000000 0.000000 0.178157 2.000000
64.000000 54.000000 0.000000 0.205349 2.000000
63.000000 37.000000 0.000000 0.000000 0.000000
