67.000000 147.000000 0.000000 0.412842 2.000000
69.000000 165.000000 0.000000 0.768004 3.000000
56.000000 42.000000 0.000000 0.200818 2.000000
56.000000 41.000000 0.000000 0.211361 3.000000
70.000000 42.000000 0.000000 0.208207 2.000000
70.000000 41.000000 0.000000 0.218028 3.000000
64.000000 136.000000 0.000000 0.699465 3.000000
58.000000 51.000000 0.000000 0.337121 3.000000
61.000000 53.000000 0.000000 0.180511 2.000000
67.000000 51.000000 0.000000 0.340776 3.000000
64.000000 112.000000 0.000000 0.544861 2.000000
64.000000 104.000000 0.000000 0.596534 3.000000
64.000000 54.000000 0.000000 0.204034 2.000000
63.000000 123.000000 0.000000 0.406336 2.000000
63.000000 124.000000 0.000000 0.416265 3.000000
60.000000 122.000000 0.000000 0.409025 2.000000
62.000000 123.000000 0.000000 0.420383 3.000000
61.000000 115.000000 0.000000 0.586416 3.000000
64.000000 126.000000 0.000000 0.355456 2.000000
63.000000 37.000000 0.000000 0.000000 0.000000
