62.000000 120.000000 0.000000 0.319070 2.000000
59.000000 136.000000 0.000000 0.760744 3.000000
62.000000 108.000000 0.000000 0.594700 2.000000
61.000000 109.000000 0.000000 0.609487 3.000000
70.000000 42.000000 0.000000 0.202624 2.000000
70.000000 41.000000 0.000000 0.212773 3.000000
56.000000 42.000000 0.000000 0.205925 2.000000
56.000000 41.000000 0.000000 0.215775 3.000000
62.000000 107.000000 0.000000 0.609459 3.000000
64.000000 54.000000 0.000000 0.204486 2.000000
67.000000 51.000000 0.000000 0.336116 3.000000
63.000000 105.000000 0.000000 0.549369 2.000000
63.000000 101.000000 0.000000 0.579480 3.000000
62.000000 96.000000 0.000000 0.548395 2.000000
62.000000 93.000000 0.000000 0.567489 3.000000
58.000000 51.000000 0.000000 0.337310 3.000000
61.000000 53.000000 0.000000 0.178465 2.000000
63.000000 37.000000 0.000000 0.000000 0.000000
