60.000000 120.000000 0.000000 0.426867 2.000000
65.000000 133.000000 0.000000 0.783247 3.000000
56.000000 42.000000 0.000000 0.202681 2.000000
56.000000 41.000000 0.000000 0.212855 3.000000
70.000000 42.000000 0.000000 0.205696 2.000000
70.000000 41.000000 0.000000 0.215525 3.000000
58.000000 51.000000 0.000000 0.336144 3.000000
63.000000 95.000000 0.000000 0.546412 2.000000
63.000000 104.000000 0.000000 0.603578 3.000000
63.000000 91.000000 0.000000 0.559889 3.000000
61.000000 53.000000 0.000000 0.178004 2.000000
63.000000 109.000000 0.000000 0.538658 2.000000
67.000000 51.000000 0.000000 0.337108 3.000000
63.000000 110.000000 0.000000 0.550648 3.000000
60.000000 117.000000 0.000000 0.406461 2.000000
64.000000 54.000000 0.000000 0.205230 2.000000
60.000000 119.000000 0.000000 0.437611 3.000000
63.000000 37.000000 0.000000 0.000000 0.000000
