66.000000 144.000000 0.000000 0.368041 2.000000
69.000000 161.000000 0.000000 0.764400 3.000000
56.000000 42.000000 0.000000 0.201134 2.000000
56.000000 41.000000 0.000000 0.211565 3.000000
70.000000 42.000000 0.000000 0.207850 2.000000
70.000000 41.000000 0.000000 0.217691 3.000000
58.000000 51.000000 0.000000 0.337883 3.000000
60.000000 122.000000 0.000000 0.438201 2.000000
64.000000 132.000000 0.000000 0.681647 3.000000
61.000000 53.000000 0.000000 0.182010 2.000000
67.000000 51.000000 0.000000 0.340609 3.000000
64.000000 54.000000 0.000000 0.204033 2.000000
63.000000 113.000000 0.000000 0.560203 2.000000
63.000000 112.000000 0.000000 0.568421 3.000000
63.000000 99.000000 0.000000 0.551919 2.000000
63.000000 93.000000 0.000000 0.573923 3.000000
61.000000 115.000000 0.000000 0.571971 2.000000
61.000000 116.000000 0.000000 0.608122 3.000000
62.000000 115.000000 0.000000 0.602319 3.000000
64.000000 103.000000 0.000000 0.597880 3.000000
64.000000 110.000000 0.000000 0.538794 2.000000
63.000000 37.000000 0.000000 0.000000 0.000000
