66.000000 152.000000 0.000000 0.529673 2.000000
68.000000 163.000000 0.000000 0.750425 3.000000
63.000000 140.000000 0.000000 0.659740 3.000000
56.000000 42.000000 0.000000 0.200972 2.000000
56.000000 41.000000 0.000000 0.211436 3.000000
70.000000 42.000000 0.000000 0.208016 2.000000
70.000000 41.000000 0.000000 0.217791 3.000000
58.000000 51.000000 0.000000 0.337627 3.000000
61.000000 53.000000 0.000000 0.181569 2.000000
67.000000 51.000000 0.000000 0.340966 3.000000
64.000000 54.000000 0.000000 0.204018 2.000000
59.000000 123.000000 0.000000 0.387351 2.000000
62.000000 126.000000 0.000000 0.414443 3.000000
61.000000 117.000000 0.000000 0.583804 2.000000
63.000000 115.000000 0.000000 0.609023 3.000000
64.000000 98.000000 0.000000 0.554986 2.000000
63.000000 93.000000 0.000000 0.567940 3.000000
63.000000 113.000000 0.000000 0.563946 2.000000
64.000000 110.000000 0.000000 0.606646 3.000000
61.000000 118.000000 0.000000 0.596909 3.000000
65.000000 129.000000 0.000000 0.359879 2.000000
63.000000 37.000000 0.000000 0.000000 0.000000
