65.000000 127.000000 0.000000 0.334721 2.000000
66.000000 144.000000 0.000000 0.784680 3.000000
62.000000 108.000000 0.000000 0.549491 2.000000
64.000000 117.000000 0.000000 0.666551 3.000000
56.000000 42.000000 0.000000 0.201959 2.000000
56.000000 41.000000 0.000000 0.212164 3.000000
70.000000 42.000000 0.000000 0.206444 2.000000
70.000000 41.000000 0.000000 0.216223 3.000000
58.000000 51.000000 0.000000 0.336017 3.000000
62.000000 100.000000 0.000000 0.551562 2.000000
63.000000 97.000000 0.000000 0.581588 3.000000
62.000000 106.000000 0.000000 0.569201 3.000000
67.000000 51.000000 0.000000 0.337701 3.000000
61.000000 53.000000 0.000000 0.178183 2.000000
64.000000 54.000000 0.000000 0.204874 2.000000
63.000000 37.000000 0.000000 0.000000 0.000000
