59.000000 138.000000 0.000000 0.392916 2.000000
58.000000 154.000000 0.000000 0.758333 3.000000
62.000000 118.000000 0.000000 0.494068 2.000000
62.000000 126.000000 0.000000 0.690968 3.000000
70.000000 42.000000 0.000000 0.201964 2.000000
70.000000 41.000000 0.000000 0.212284 3.000000
56.000000 42.000000 0.000000 0.207231 2.000000
56.000000 41.000000 0.000000 0.217105 3.000000
64.000000 54.000000 0.000000 0.203943 2.000000
67.000000 51.000000 0.000000 0.338296 3.000000
58.000000 51.000000 0.000000 0.340388 3.000000
62.000000 106.000000 0.000000 0.567785 2.000000
63.000000 107.000000 0.000000 0.588673 3.000000
62.000000 105.000000 0.000000 0.585091 3.000000
61.000000 103.000000 0.000000 0.536150 2.000000
61.000000 97.000000 0.000000 0.552103 2.000000
62.000000 93.000000 0.000000 0.579037 3.000000
61.000000 53.000000 0.000000 0.181468 2.000000
62.000000 116.000000 0.000000 0.514184 3.000000
61.000000 99.000000 0.000000 0.565239 3.000000
64.000000 114.000000 0.000000 0.472383 2.000000
63.000000 37.000000 0.000000 0.000000 0.000000
