65.000000 131.000000 0.000000 0.343201 2.000000
67.000000 148.000000 0.000000 0.782089 3.000000
56.000000 42.000000 0.000000 0.201708 2.000000
56.000000 41.000000 0.000000 0.211950 3.000000
70.000000 42.000000 0.000000 0.206669 2.000000
70.000000 41.000000 0.000000 0.216437 3.000000
58.000000 51.000000 0.000000 0.335951 3.000000
63.000000 111.000000 0.000000 0.538002 2.000000
64.000000 121.000000 0.000000 0.678455 3.000000
61.000000 53.000000 0.000000 0.178366 2.000000
67.000000 51.000000 0.000000 0.337845 3.000000
62.000000 102.000000 0.000000 0.542235 2.000000
63.000000 101.000000 0.000000 0.586785 3.000000
62.000000 104.000000 0.000000 0.572683 3.000000
62.000000 107.000000 0.000000 0.541459 2.000000
62.000000 110.000000 0.000000 0.558609 3.000000
64.000000 54.000000 0.000000 0.204874 2.000000
63.000000 37.000000 0.000000 0.000000 0.000000
