66.000000 120.000000 0.000000 0.335378 2.000000
60.000000 136.000000 0.000000 0.773409 3.000000
62.000000 110.000000 0.000000 0.575866 2.000000
62.000000 108.000000 0.000000 0.620781 3.000000
70.000000 42.000000 0.000000 0.202652 2.000000
70.000000 41.000000 0.000000 0.212830 3.000000
61.000000 110.000000 0.000000 0.604700 3.000000
56.000000 42.000000 0.000000 0.205808 2.000000
56.000000 41.000000 0.000000 0.215630 3.000000
64.000000 54.000000 0.000000 0.204556 2.000000
67.000000 51.000000 0.000000 0.336194 3.000000
62.000000 92.000000 0.000000 0.531793 2.000000
62.000000 88.000000 0.000000 0.541298 3.000000
58.000000 51.000000 0.000000 0.337311 3.000000
61.000000 53.000000 0.000000 0.178502 2.000000
63.000000 37.000000 0.000000 0.000000 0.000000
