66.000000 138.000000 0.000000 0.383842 2.000000
66.000000 154.000000 0.000000 0.769128 3.000000
62.000000 126.000000 0.000000 0.575153 2.000000
63.000000 121.000000 0.000000 0.648922 3.000000
56.000000 42.000000 0.000000 0.202013 2.000000
56.000000 41.000000 0.000000 0.212459 3.000000
70.000000 42.000000 0.000000 0.206820 2.000000
70.000000 41.000000 0.000000 0.216734 3.000000
58.000000 51.000000 0.000000 0.337915 3.000000
63.000000 107.000000 0.000000 0.567447 2.000000
63.000000 105.000000 0.000000 0.603319 3.000000
62.000000 108.000000 0.000000 0.588395 3.000000
62.000000 112.000000 0.000000 0.516582 2.000000
61.000000 53.000000 0.000000 0.180738 2.000000
67.000000 51.000000 0.000000 0.339670 3.000000
63.000000 128.000000 0.000000 0.587041 3.000000
63.000000 115.000000 0.000000 0.542445 2.000000
62.000000 114.000000 0.000000 0.552086 3.000000
64.000000 54.000000 0.000000 0.203974 2.000000
63.000000 37.000000 0.000000 0.000000 0.000000
