60.000000 147.000000 0.000000 0.450567 2.000000
57.000000 160.000000 0.000000 0.754277 3.000000
70.000000 42.000000 0.000000 0.201190 2.000000
70.000000 41.000000 0.000000 0.211641 3.000000
56.000000 42.000000 0.000000 0.207758 2.000000
56.000000 41.000000 0.000000 0.217583 3.000000
64.000000 54.000000 0.000000 0.203728 2.000000
67.000000 51.000000 0.000000 0.337749 3.000000
61.000000 136.000000 0.000000 0.657238 3.000000
58.000000 51.000000 0.000000 0.340656 3.000000
63.000000 113.000000 0.000000 0.594055 2.000000
63.000000 114.000000 0.000000 0.609959 3.000000
62.000000 112.000000 0.000000 0.609741 3.000000
61.000000 53.000000 0.000000 0.181447 2.000000
62.000000 110.000000 0.000000 0.570699 2.000000
66.000000 120.000000 0.000000 0.383471 2.000000
66.000000 121.000000 0.000000 0.391516 3.000000
64.000000 114.000000 0.000000 0.565619 2.000000
64.000000 115.000000 0.000000 0.598592 3.000000
64.000000 122.000000 0.000000 0.401108 2.000000
65.000000 122.000000 0.000000 0.409179 3.000000
61.000000 106.000000 0.000000 0.589306 3.000000
61.000000 126.000000 0.000000 0.405521 2.000000
63.000000 124.000000 0.000000 0.438324 3.000000
64.000000 116.000000 0.000000 0.553228 2.000000
65.000000 116.000000 0.000000 0.576192 3.000000
61.000000 99.000000 0.000000 0.559377 2.000000
62.000000 95.000000 0.000000 0.581525 3.000000
66.000000 122.000000 0.000000 0.381331 2.000000
63.000000 37.000000 0.000000 0.000000 0.000000
