66.000000 142.000000 0.000000 0.408049 2.000000
66.000000 157.000000 0.000000 0.767468 3.000000
61.000000 117.000000 0.000000 0.478902 2.000000
63.000000 126.000000 0.000000 0.678484 3.000000
64.000000 106.000000 0.000000 0.555046 2.000000
63.000000 108.000000 0.000000 0.607280 3.000000
56.000000 42.000000 0.000000 0.201898 2.000000
56.000000 41.000000 0.000000 0.212289 3.000000
64.000000 100.000000 0.000000 0.555599 2.000000
63.000000 93.000000 0.000000 0.573838 3.000000
70.000000 42.000000 0.000000 0.207105 2.000000
70.000000 41.000000 0.000000 0.216927 3.000000
58.000000 51.000000 0.000000 0.338144 3.000000
64.000000 103.000000 0.000000 0.570584 3.000000
62.000000 112.000000 0.000000 0.546591 2.000000
61.000000 112.000000 0.000000 0.562126 3.000000
61.000000 53.000000 0.000000 0.181426 2.000000
67.000000 51.000000 0.000000 0.340136 3.000000
64.000000 54.000000 0.000000 0.203920 2.000000
63.000000 37.000000 0.000000 0.000000 0.000000
