65.000000 123.000000 0.000000 0.305542 2.000000
66.000000 141.000000 0.000000 0.788269 3.000000
56.000000 42.000000 0.000000 0.202074 2.000000
56.000000 41.000000 0.000000 0.212271 3.000000
70.000000 42.000000 0.000000 0.206387 2.000000
70.000000 41.000000 0.000000 0.216164 3.000000
64.000000 112.000000 0.000000 0.609928 2.000000
64.000000 113.000000 0.000000 0.630659 3.000000
58.000000 51.000000 0.000000 0.335850 3.000000
63.000000 111.000000 0.000000 0.621355 3.000000
64.000000 114.000000 0.000000 0.597800 2.000000
65.000000 114.000000 0.000000 0.608488 3.000000
62.000000 106.000000 0.000000 0.569297 2.000000
61.000000 53.000000 0.000000 0.177963 2.000000
63.000000 104.000000 0.000000 0.592091 3.000000
67.000000 51.000000 0.000000 0.337676 3.000000
63.000000 97.000000 0.000000 0.549114 2.000000
63.000000 92.000000 0.000000 0.567958 3.000000
64.000000 54.000000 0.000000 0.205225 2.000000
63.000000 37.000000 0.000000 0.000000 0.000000
