66.000000 142.000000 0.000000 0.368750 2.000000
68.000000 158.000000 0.000000 0.777672 3.000000
56.000000 42.000000 0.000000 0.200976 2.000000
56.000000 41.000000 0.000000 0.211285 3.000000
64.000000 120.000000 0.000000 0.476808 2.000000
63.000000 128.000000 0.000000 0.643988 3.000000
70.000000 42.000000 0.000000 0.207429 2.000000
70.000000 41.000000 0.000000 0.217135 3.000000
58.000000 51.000000 0.000000 0.335358 3.000000
63.000000 105.000000 0.000000 0.563676 2.000000
63.000000 107.000000 0.000000 0.603467 3.000000
62.000000 108.000000 0.000000 0.561556 2.000000
62.000000 109.000000 0.000000 0.599106 3.000000
64.000000 102.000000 0.000000 0.573855 3.000000
61.000000 53.000000 0.000000 0.178193 2.000000
67.000000 51.000000 0.000000 0.338457 3.000000
63.000000 97.000000 0.000000 0.544996 2.000000
63.000000 92.000000 0.000000 0.561454 3.000000
61.000000 115.000000 0.000000 0.484450 2.000000
64.000000 54.000000 0.000000 0.205189 2.000000
63.000000 117.000000 0.000000 0.498710 3.000000
63.000000 37.000000 0.000000 0.000000 0.000000
