66.000000 143.000000 0.000000 0.447504 2.000000
66.000000 157.000000 0.000000 0.766521 3.000000
64.000000 120.000000 0.000000 0.456591 2.000000
63.000000 133.000000 0.000000 0.641063 3.000000
56.000000 42.000000 0.000000 0.201740 2.000000
56.000000 41.000000 0.000000 0.212084 3.000000
70.000000 42.000000 0.000000 0.207528 2.000000
70.000000 41.000000 0.000000 0.217339 3.000000
58.000000 51.000000 0.000000 0.337957 3.000000
61.000000 53.000000 0.000000 0.181363 2.000000
67.000000 51.000000 0.000000 0.340556 3.000000
64.000000 54.000000 0.000000 0.203885 2.000000
63.000000 117.000000 0.000000 0.466316 2.000000
62.000000 117.000000 0.000000 0.475482 3.000000
64.000000 118.000000 0.000000 0.473647 2.000000
64.000000 119.000000 0.000000 0.484927 3.000000
62.000000 108.000000 0.000000 0.574041 2.000000
62.000000 109.000000 0.000000 0.604510 3.000000
63.000000 118.000000 0.000000 0.485075 3.000000
62.000000 116.000000 0.000000 0.459817 2.000000
63.000000 107.000000 0.000000 0.602159 3.000000
64.000000 104.000000 0.000000 0.552281 2.000000
64.000000 101.000000 0.000000 0.568481 3.000000
64.000000 98.000000 0.000000 0.551191 2.000000
63.000000 94.000000 0.000000 0.577674 3.000000
63.000000 37.000000 0.000000 0.000000 0.000000
