65.000000 127.000000 0.000000 0.365360 2.000000
65.000000 143.000000 0.000000 0.768913 3.000000
64.000000 116.000000 0.000000 0.592872 2.000000
64.000000 117.000000 0.000000 0.616285 3.000000
56.000000 42.000000 0.000000 0.202348 2.000000
56.000000 41.000000 0.000000 0.212574 3.000000
63.000000 116.000000 0.000000 0.601399 3.000000
70.000000 42.000000 0.000000 0.206145 2.000000
70.000000 41.000000 0.000000 0.215979 3.000000
64.000000 118.000000 0.000000 0.584389 2.000000
58.000000 51.000000 0.000000 0.336280 3.000000
63.000000 109.000000 0.000000 0.575385 2.000000
62.000000 111.000000 0.000000 0.600997 3.000000
65.000000 118.000000 0.000000 0.600804 3.000000
62.000000 114.000000 0.000000 0.573790 2.000000
63.000000 108.000000 0.000000 0.584006 3.000000
62.000000 98.000000 0.000000 0.550492 2.000000
61.000000 53.000000 0.000000 0.178012 2.000000
67.000000 51.000000 0.000000 0.337430 3.000000
63.000000 95.000000 0.000000 0.575818 3.000000
65.000000 123.000000 0.000000 0.414803 2.000000
64.000000 54.000000 0.000000 0.205152 2.000000
65.000000 124.000000 0.000000 0.422889 3.000000
63.000000 37.000000 0.000000 0.000000 0.000000
