60.000000 138.000000 0.000000 0.408883 2.000000
59.000000 153.000000 0.000000 0.751567 3.000000
70.000000 42.000000 0.000000 0.202449 2.000000
70.000000 41.000000 0.000000 0.212749 3.000000
56.000000 42.000000 0.000000 0.206918 2.000000
56.000000 41.000000 0.000000 0.216759 3.000000
64.000000 54.000000 0.000000 0.203599 2.000000
67.000000 51.000000 0.000000 0.338464 3.000000
62.000000 122.000000 0.000000 0.536053 2.000000
62.000000 128.000000 0.000000 0.663173 3.000000
58.000000 51.000000 0.000000 0.340050 3.000000
62.000000 104.000000 0.000000 0.561372 2.000000
62.000000 101.000000 0.000000 0.596247 3.000000
61.000000 53.000000 0.000000 0.181710 2.000000
63.000000 105.000000 0.000000 0.593846 3.000000
63.000000 113.000000 0.000000 0.522468 2.000000
62.000000 114.000000 0.000000 0.548001 3.000000
62.000000 121.000000 0.000000 0.550365 3.000000
64.000000 110.000000 0.000000 0.531440 2.000000
61.000000 117.000000 0.000000 0.519970 2.000000
63.000000 112.000000 0.000000 0.550488 3.000000
63.000000 37.000000 0.000000 0.000000 0.000000
