59.000000 117.000000 0.000000 0.341281 2.000000
65.000000 133.000000 0.000000 0.791922 3.000000
64.000000 106.000000 0.000000 0.586897 2.000000
63.000000 105.000000 0.000000 0.605947 3.000000
56.000000 42.000000 0.000000 0.202375 2.000000
56.000000 41.000000 0.000000 0.212599 3.000000
70.000000 42.000000 0.000000 0.206014 2.000000
70.000000 41.000000 0.000000 0.215796 3.000000
64.000000 107.000000 0.000000 0.595880 3.000000
58.000000 51.000000 0.000000 0.335903 3.000000
61.000000 53.000000 0.000000 0.177853 2.000000
67.000000 51.000000 0.000000 0.337393 3.000000
64.000000 54.000000 0.000000 0.205322 2.000000
63.000000 37.000000 0.000000 0.000000 0.000000
