64.000000 126.000000 0.000000 0.290117 2.000000
67.000000 144.000000 0.000000 0.778252 3.000000
56.000000 42.000000 0.000000 0.202068 2.000000
56.000000 41.000000 0.000000 0.212306 3.000000
63.000000 109.000000 0.000000 0.555606 2.000000
64.000000 115.000000 0.000000 0.658369 3.000000
70.000000 42.000000 0.000000 0.206437 2.000000
70.000000 41.000000 0.000000 0.216219 3.000000
58.000000 51.000000 0.000000 0.336097 3.000000
62.000000 105.000000 0.000000 0.586396 3.000000
62.000000 100.000000 0.000000 0.548475 2.000000
63.000000 97.000000 0.000000 0.585032 3.000000
61.000000 53.000000 0.000000 0.178047 2.000000
67.000000 51.000000 0.000000 0.337778 3.000000
64.000000 54.000000 0.000000 0.205294 2.000000
63.000000 37.000000 0.000000 0.000000 0.000000
