61.000000 120.000000 0.000000 0.313973 2.000000
59.000000 137.000000 0.000000 0.778500 3.000000
63.000000 105.000000 0.000000 0.549848 2.000000
61.000000 110.000000 0.000000 0.617896 3.000000
70.000000 42.000000 0.000000 0.202014 2.000000
70.000000 41.000000 0.000000 0.212273 3.000000
56.000000 42.000000 0.000000 0.206186 2.000000
56.000000 41.000000 0.000000 0.216055 3.000000
64.000000 54.000000 0.000000 0.204515 2.000000
67.000000 51.000000 0.000000 0.335813 3.000000
63.000000 101.000000 0.000000 0.573461 3.000000
62.000000 96.000000 0.000000 0.546114 2.000000
62.000000 93.000000 0.000000 0.569748 3.000000
58.000000 51.000000 0.000000 0.337494 3.000000
61.000000 53.000000 0.000000 0.178605 2.000000
63.000000 37.000000 0.000000 0.000000 0.000000
