65.000000 117.000000 0.000000 0.615190 2.000000
64.000000 117.000000 0.000000 0.649745 3.000000
65.000000 127.000000 0.000000 0.355810 2.000000
66.000000 143.000000 0.000000 0.768129 3.000000
56.000000 42.000000 0.000000 0.201994 2.000000
56.000000 41.000000 0.000000 0.212250 3.000000
70.000000 42.000000 0.000000 0.206554 2.000000
70.000000 41.000000 0.000000 0.216325 3.000000
65.000000 118.000000 0.000000 0.626996 3.000000
58.000000 51.000000 0.000000 0.336032 3.000000
62.000000 112.000000 0.000000 0.587413 2.000000
62.000000 109.000000 0.000000 0.596188 3.000000
62.000000 100.000000 0.000000 0.556379 2.000000
61.000000 53.000000 0.000000 0.178042 2.000000
67.000000 51.000000 0.000000 0.337541 3.000000
63.000000 97.000000 0.000000 0.585014 3.000000
64.000000 54.000000 0.000000 0.205179 2.000000
63.000000 37.000000 0.000000 0.000000 0.000000
