66.000000 146.000000 0.000000 0.482995 2.000000
67.000000 160.000000 0.000000 0.755194 3.000000
56.000000 42.000000 0.000000 0.201456 2.000000
56.000000 41.000000 0.000000 0.211881 3.000000
65.000000 135.000000 0.000000 0.707058 3.000000
70.000000 42.000000 0.000000 0.207732 2.000000
70.000000 41.000000 0.000000 0.217531 3.000000
58.000000 51.000000 0.000000 0.337695 3.000000
61.000000 53.000000 0.000000 0.181635 2.000000
67.000000 51.000000 0.000000 0.340759 3.000000
63.000000 111.000000 0.000000 0.531922 2.000000
62.000000 114.000000 0.000000 0.594009 3.000000
64.000000 100.000000 0.000000 0.556387 2.000000
64.000000 103.000000 0.000000 0.590300 3.000000
63.000000 97.000000 0.000000 0.585286 3.000000
64.000000 54.000000 0.000000 0.203989 2.000000
60.000000 122.000000 0.000000 0.373826 2.000000
63.000000 37.000000 0.000000 0.000000 0.000000
