66.000000 138.000000 0.000000 0.411059 2.000000
66.000000 154.000000 0.000000 0.761835 3.000000
56.000000 42.000000 0.000000 0.202110 2.000000
56.000000 41.000000 0.000000 0.212414 3.000000
70.000000 42.000000 0.000000 0.207052 2.000000
70.000000 41.000000 0.000000 0.216959 3.000000
58.000000 51.000000 0.000000 0.338347 3.000000
63.000000 124.000000 0.000000 0.574765 2.000000
63.000000 128.000000 0.000000 0.624635 3.000000
63.000000 121.000000 0.000000 0.605447 3.000000
63.000000 117.000000 0.000000 0.527474 2.000000
61.000000 53.000000 0.000000 0.182041 2.000000
67.000000 51.000000 0.000000 0.340201 3.000000
62.000000 106.000000 0.000000 0.578249 2.000000
63.000000 104.000000 0.000000 0.598782 3.000000
62.000000 107.000000 0.000000 0.589287 3.000000
63.000000 99.000000 0.000000 0.560444 2.000000
63.000000 94.000000 0.000000 0.573694 3.000000
62.000000 112.000000 0.000000 0.506651 2.000000
64.000000 54.000000 0.000000 0.203882 2.000000
63.000000 115.000000 0.000000 0.547136 3.000000
63.000000 37.000000 0.000000 0.000000 0.000000
