62.000000 118.000000 0.000000 0.640451 2.000000
63.000000 119.000000 0.000000 0.656613 3.000000
64.000000 130.000000 0.000000 0.300540 2.000000
67.000000 147.000000 0.000000 0.758277 3.000000
56.000000 42.000000 0.000000 0.202305 2.000000
56.000000 41.000000 0.000000 0.212752 3.000000
62.000000 117.000000 0.000000 0.651683 3.000000
70.000000 42.000000 0.000000 0.206702 2.000000
70.000000 41.000000 0.000000 0.216634 3.000000
62.000000 105.000000 0.000000 0.559160 2.000000
58.000000 51.000000 0.000000 0.337502 3.000000
62.000000 100.000000 0.000000 0.552685 2.000000
63.000000 98.000000 0.000000 0.582404 3.000000
62.000000 102.000000 0.000000 0.574812 3.000000
61.000000 53.000000 0.000000 0.179903 2.000000
67.000000 51.000000 0.000000 0.339150 3.000000
64.000000 54.000000 0.000000 0.203984 2.000000
63.000000 37.000000 0.000000 0.000000 0.000000
