60.000000 126.000000 0.000000 0.335116 2.000000
59.000000 143.000000 0.000000 0.770372 3.000000
70.000000 42.000000 0.000000 0.201766 2.000000
70.000000 41.000000 0.000000 0.212085 3.000000
56.000000 42.000000 0.000000 0.206656 2.000000
56.000000 41.000000 0.000000 0.216482 3.000000
64.000000 54.000000 0.000000 0.204472 2.000000
67.000000 51.000000 0.000000 0.335844 3.000000
58.000000 51.000000 0.000000 0.337678 3.000000
61.000000 53.000000 0.000000 0.178417 2.000000
63.000000 107.000000 0.000000 0.557539 2.000000
63.000000 109.000000 0.000000 0.565608 3.000000
63.000000 103.000000 0.000000 0.579630 3.000000
63.000000 111.000000 0.000000 0.554140 2.000000
63.000000 101.000000 0.000000 0.550231 2.000000
62.000000 99.000000 0.000000 0.587403 3.000000
61.000000 117.000000 0.000000 0.616748 2.000000
60.000000 117.000000 0.000000 0.635441 3.000000
61.000000 116.000000 0.000000 0.640322 3.000000
63.000000 37.000000 0.000000 0.000000 0.000000
