63.000000 123.000000 0.000000 0.429860 2.000000
64.000000 134.000000 0.000000 0.716787 3.000000
66.000000 146.000000 0.000000 0.426460 2.000000
68.000000 161.000000 0.000000 0.771415 3.000000
56.000000 42.000000 0.000000 0.201224 2.000000
56.000000 41.000000 0.000000 0.211711 3.000000
70.000000 42.000000 0.000000 0.207827 2.000000
70.000000 41.000000 0.000000 0.217628 3.000000
58.000000 51.000000 0.000000 0.337650 3.000000
61.000000 53.000000 0.000000 0.180975 2.000000
67.000000 51.000000 0.000000 0.340499 3.000000
63.000000 111.000000 0.000000 0.531044 2.000000
61.000000 114.000000 0.000000 0.601044 3.000000
64.000000 54.000000 0.000000 0.203796 2.000000
62.000000 122.000000 0.000000 0.433924 2.000000
62.000000 123.000000 0.000000 0.450369 3.000000
63.000000 110.000000 0.000000 0.541869 3.000000
64.000000 98.000000 0.000000 0.553049 2.000000
64.000000 101.000000 0.000000 0.592202 3.000000
63.000000 109.000000 0.000000 0.517790 2.000000
63.000000 92.000000 0.000000 0.571648 3.000000
63.000000 37.000000 0.000000 0.000000 0.000000
