65.000000 127.000000 0.000000 0.351879 2.000000
65.000000 143.000000 0.000000 0.774009 3.000000
56.000000 42.000000 0.000000 0.202303 2.000000
56.000000 41.000000 0.000000 0.212502 3.000000
70.000000 42.000000 0.000000 0.205954 2.000000
70.000000 41.000000 0.000000 0.215779 3.000000
58.000000 51.000000 0.000000 0.336342 3.000000
61.000000 53.000000 0.000000 0.178101 2.000000
67.000000 51.000000 0.000000 0.337476 3.000000
64.000000 54.000000 0.000000 0.205272 2.000000
66.000000 122.000000 0.000000 0.382594 2.000000
64.000000 125.000000 0.000000 0.395726 3.000000
62.000000 106.000000 0.000000 0.563051 2.000000
62.000000 110.000000 0.000000 0.625201 3.000000
62.000000 116.000000 0.000000 0.540041 2.000000
64.000000 117.000000 0.000000 0.567271 3.000000
62.000000 103.000000 0.000000 0.572363 3.000000
63.000000 99.000000 0.000000 0.550056 2.000000
63.000000 95.000000 0.000000 0.579712 3.000000
63.000000 37.000000 0.000000 0.000000 0.000000
