58.000000 119.000000 0.000000 0.297212 2.000000
66.000000 137.000000 0.000000 0.789714 3.000000
64.000000 108.000000 0.000000 0.596727 2.000000
63.000000 106.000000 0.000000 0.617779 3.000000
56.000000 42.000000 0.000000 0.202377 2.000000
56.000000 41.000000 0.000000 0.212612 3.000000
70.000000 42.000000 0.000000 0.206122 2.000000
70.000000 41.000000 0.000000 0.215911 3.000000
64.000000 109.000000 0.000000 0.614795 3.000000
58.000000 51.000000 0.000000 0.335984 3.000000
63.000000 97.000000 0.000000 0.545737 2.000000
63.000000 92.000000 0.000000 0.566001 3.000000
61.000000 53.000000 0.000000 0.177886 2.000000
67.000000 51.000000 0.000000 0.337454 3.000000
64.000000 54.000000 0.000000 0.205277 2.000000
63.000000 37.000000 0.000000 0.000000 0.000000
