64.000000 123.000000 0.000000 0.286879 2.000000
67.000000 141.000000 0.000000 0.769856 3.000000
62.000000 110.000000 0.000000 0.580709 2.000000
63.000000 111.000000 0.000000 0.625324 3.000000
56.000000 42.000000 0.000000 0.202291 2.000000
56.000000 41.000000 0.000000 0.212525 3.000000
70.000000 42.000000 0.000000 0.206070 2.000000
70.000000 41.000000 0.000000 0.215877 3.000000
58.000000 51.000000 0.000000 0.336046 3.000000
61.000000 53.000000 0.000000 0.178035 2.000000
67.000000 51.000000 0.000000 0.337458 3.000000
62.000000 107.000000 0.000000 0.607773 3.000000
63.000000 95.000000 0.000000 0.540026 2.000000
64.000000 54.000000 0.000000 0.205377 2.000000
63.000000 92.000000 0.000000 0.565112 3.000000
63.000000 37.000000 0.000000 0.000000 0.000000
