60.000000 142.000000 0.000000 0.445495 2.000000
59.000000 156.000000 0.000000 0.749101 3.000000
70.000000 42.000000 0.000000 0.202240 2.000000
70.000000 41.000000 0.000000 0.212560 3.000000
56.000000 42.000000 0.000000 0.207057 2.000000
56.000000 41.000000 0.000000 0.216897 3.000000
64.000000 54.000000 0.000000 0.203976 2.000000
67.000000 51.000000 0.000000 0.338370 3.000000
60.000000 121.000000 0.000000 0.453833 2.000000
63.000000 132.000000 0.000000 0.666212 3.000000
58.000000 51.000000 0.000000 0.340080 3.000000
61.000000 53.000000 0.000000 0.181397 2.000000
63.000000 107.000000 0.000000 0.586401 2.000000
63.000000 108.000000 0.000000 0.599965 3.000000
62.000000 105.000000 0.000000 0.602182 3.000000
63.000000 37.000000 0.000000 0.000000 0.000000
