66.000000 142.000000 0.000000 0.340576 2.000000
68.000000 159.000000 0.000000 0.753514 3.000000
56.000000 42.000000 0.000000 0.201388 2.000000
56.000000 41.000000 0.000000 0.211764 3.000000
70.000000 42.000000 0.000000 0.207747 2.000000
70.000000 41.000000 0.000000 0.217588 3.000000
58.000000 51.000000 0.000000 0.338021 3.000000
61.000000 53.000000 0.000000 0.182332 2.000000
62.000000 118.000000 0.000000 0.627035 2.000000
63.000000 116.000000 0.000000 0.642759 3.000000
67.000000 51.000000 0.000000 0.340555 3.000000
62.000000 119.000000 0.000000 0.641481 3.000000
62.000000 120.000000 0.000000 0.599104 2.000000
59.000000 125.000000 0.000000 0.407432 2.000000
62.000000 131.000000 0.000000 0.628155 3.000000
64.000000 54.000000 0.000000 0.203766 2.000000
63.000000 101.000000 0.000000 0.560034 2.000000
63.000000 98.000000 0.000000 0.588106 3.000000
64.000000 103.000000 0.000000 0.590907 3.000000
63.000000 111.000000 0.000000 0.549246 2.000000
61.000000 120.000000 0.000000 0.618461 3.000000
63.000000 37.000000 0.000000 0.000000 0.000000
