66.000000 117.000000 0.000000 0.331043 2.000000
60.000000 133.000000 0.000000 0.783613 3.000000
70.000000 42.000000 0.000000 0.202122 2.000000
70.000000 41.000000 0.000000 0.212337 3.000000
56.000000 42.000000 0.000000 0.205994 2.000000
56.000000 41.000000 0.000000 0.215856 3.000000
62.000000 106.000000 0.000000 0.575216 2.000000
62.000000 104.000000 0.000000 0.606467 3.000000
64.000000 54.000000 0.000000 0.204519 2.000000
67.000000 51.000000 0.000000 0.335883 3.000000
61.000000 107.000000 0.000000 0.600342 3.000000
63.000000 101.000000 0.000000 0.550641 2.000000
63.000000 98.000000 0.000000 0.559140 3.000000
62.000000 94.000000 0.000000 0.538784 2.000000
58.000000 51.000000 0.000000 0.337466 3.000000
62.000000 90.000000 0.000000 0.558047 3.000000
61.000000 53.000000 0.000000 0.178542 2.000000
63.000000 37.000000 0.000000 0.000000 0.000000
