66.000000 150.000000 0.000000 0.470303 2.000000
68.000000 164.000000 0.000000 0.765562 3.000000
64.000000 138.000000 0.000000 0.702287 3.000000
56.000000 42.000000 0.000000 0.201067 2.000000
56.000000 41.000000 0.000000 0.211565 3.000000
70.000000 42.000000 0.000000 0.208167 2.000000
70.000000 41.000000 0.000000 0.217934 3.000000
58.000000 51.000000 0.000000 0.337698 3.000000
61.000000 53.000000 0.000000 0.181522 2.000000
67.000000 51.000000 0.000000 0.340831 3.000000
65.000000 105.000000 0.000000 0.583226 2.000000
64.000000 103.000000 0.000000 0.598612 3.000000
65.000000 106.000000 0.000000 0.592719 3.000000
64.000000 54.000000 0.000000 0.204057 2.000000
63.000000 99.000000 0.000000 0.555221 2.000000
63.000000 94.000000 0.000000 0.579296 3.000000
60.000000 118.000000 0.000000 0.558801 2.000000
60.000000 117.000000 0.000000 0.582720 3.000000
63.000000 113.000000 0.000000 0.498669 2.000000
59.000000 118.000000 0.000000 0.579440 3.000000
63.000000 127.000000 0.000000 0.369690 2.000000
63.000000 37.000000 0.000000 0.000000 0.000000
