61.000000 123.000000 0.000000 0.296159 2.000000
59.000000 140.000000 0.000000 0.777795 3.000000
61.000000 111.000000 0.000000 0.608217 2.000000
62.000000 110.000000 0.000000 0.643112 3.000000
61.000000 112.000000 0.000000 0.639744 3.000000
70.000000 42.000000 0.000000 0.202144 2.000000
70.000000 41.000000 0.000000 0.212376 3.000000
56.000000 42.000000 0.000000 0.206212 2.000000
56.000000 41.000000 0.000000 0.215957 3.000000
62.000000 96.000000 0.000000 0.547312 2.000000
62.000000 92.000000 0.000000 0.566514 3.000000
64.000000 54.000000 0.000000 0.204446 2.000000
67.000000 51.000000 0.000000 0.335947 3.000000
58.000000 51.000000 0.000000 0.337669 3.000000
61.000000 53.000000 0.000000 0.178530 2.000000
63.000000 37.000000 0.000000 0.000000 0.000000
