65.000000 127.000000 0.000000 0.348193 2.000000
66.000000 144.000000 0.000000 0.770767 3.000000
62.000000 114.000000 0.000000 0.565685 2.000000
64.000000 116.000000 0.000000 0.620705 3.000000
62.000000 110.000000 0.000000 0.607714 3.000000
63.000000 99.000000 0.000000 0.543919 2.000000
56.000000 42.000000 0.000000 0.201933 2.000000
56.000000 41.000000 0.000000 0.212178 3.000000
63.000000 95.000000 0.000000 0.580144 3.000000
70.000000 42.000000 0.000000 0.206545 2.000000
70.000000 41.000000 0.000000 0.216304 3.000000
58.000000 51.000000 0.000000 0.335922 3.000000
61.000000 53.000000 0.000000 0.177921 2.000000
67.000000 51.000000 0.000000 0.337706 3.000000
64.000000 54.000000 0.000000 0.205221 2.000000
63.000000 37.000000 0.000000 0.000000 0.000000
