66.000000 148.000000 0.000000 0.474036 2.000000
64.000000 136.000000 0.000000 0.720427 3.000000
66.000000 164.000000 0.000000 0.761026 3.000000
64.000000 100.000000 0.000000 0.550751 2.000000
64.000000 107.000000 0.000000 0.601335 3.000000
56.000000 42.000000 0.000000 0.201481 2.000000
56.000000 41.000000 0.000000 0.211957 3.000000
70.000000 42.000000 0.000000 0.207504 2.000000
70.000000 41.000000 0.000000 0.217327 3.000000
58.000000 51.000000 0.000000 0.337738 3.000000
63.000000 115.000000 0.000000 0.568912 2.000000
61.000000 117.000000 0.000000 0.592303 3.000000
63.000000 96.000000 0.000000 0.587795 3.000000
63.000000 113.000000 0.000000 0.549611 2.000000
61.000000 53.000000 0.000000 0.181600 2.000000
63.000000 114.000000 0.000000 0.579940 3.000000
67.000000 51.000000 0.000000 0.340394 3.000000
60.000000 122.000000 0.000000 0.366849 2.000000
64.000000 54.000000 0.000000 0.203914 2.000000
60.000000 124.000000 0.000000 0.371380 2.000000
60.000000 123.000000 0.000000 0.381440 3.000000
63.000000 37.000000 0.000000 0.000000 0.000000
