59.000000 152.000000 0.000000 0.523146 2.000000
57.000000 163.000000 0.000000 0.750978 3.000000
60.000000 140.000000 0.000000 0.691599 3.000000
70.000000 42.000000 0.000000 0.201111 2.000000
70.000000 41.000000 0.000000 0.211597 3.000000
56.000000 42.000000 0.000000 0.208054 2.000000
56.000000 41.000000 0.000000 0.217783 3.000000
64.000000 54.000000 0.000000 0.203578 2.000000
67.000000 51.000000 0.000000 0.337743 3.000000
63.000000 113.000000 0.000000 0.499282 2.000000
65.000000 119.000000 0.000000 0.610238 3.000000
58.000000 51.000000 0.000000 0.341003 3.000000
61.000000 101.000000 0.000000 0.568030 2.000000
62.000000 99.000000 0.000000 0.590844 3.000000
61.000000 102.000000 0.000000 0.590600 3.000000
60.000000 110.000000 0.000000 0.495213 2.000000
61.000000 53.000000 0.000000 0.181562 2.000000
63.000000 129.000000 0.000000 0.401565 2.000000
63.000000 128.000000 0.000000 0.409680 3.000000
62.000000 112.000000 0.000000 0.507620 3.000000
65.000000 127.000000 0.000000 0.357857 2.000000
63.000000 37.000000 0.000000 0.000000 0.000000
