65.000000 131.000000 0.000000 0.371391 2.000000
66.000000 147.000000 0.000000 0.775739 3.000000
56.000000 42.000000 0.000000 0.201938 2.000000
56.000000 41.000000 0.000000 0.212170 3.000000
70.000000 42.000000 0.000000 0.206474 2.000000
70.000000 41.000000 0.000000 0.216258 3.000000
58.000000 51.000000 0.000000 0.336147 3.000000
64.000000 120.000000 0.000000 0.616871 2.000000
64.000000 121.000000 0.000000 0.641215 3.000000
63.000000 120.000000 0.000000 0.626871 3.000000
63.000000 115.000000 0.000000 0.563489 2.000000
61.000000 53.000000 0.000000 0.178170 2.000000
63.000000 113.000000 0.000000 0.591592 3.000000
67.000000 51.000000 0.000000 0.337690 3.000000
63.000000 107.000000 0.000000 0.542874 2.000000
62.000000 100.000000 0.000000 0.546953 2.000000
63.000000 97.000000 0.000000 0.585221 3.000000
64.000000 54.000000 0.000000 0.205277 2.000000
62.000000 102.000000 0.000000 0.575005 3.000000
63.000000 37.000000 0.000000 0.000000 0.000000
