66.000000 140.000000 0.000000 0.347334 2.000000
68.000000 157.000000 0.000000 0.766105 3.000000
56.000000 42.000000 0.000000 0.201449 2.000000
56.000000 41.000000 0.000000 0.211829 3.000000
70.000000 42.000000 0.000000 0.207612 2.000000
70.000000 41.000000 0.000000 0.217454 3.000000
58.000000 51.000000 0.000000 0.338013 3.000000
61.000000 123.000000 0.000000 0.520376 2.000000
64.000000 129.000000 0.000000 0.675310 3.000000
61.000000 53.000000 0.000000 0.181625 2.000000
67.000000 51.000000 0.000000 0.340494 3.000000
63.000000 111.000000 0.000000 0.571264 2.000000
62.000000 112.000000 0.000000 0.610020 3.000000
63.000000 109.000000 0.000000 0.594009 3.000000
61.000000 113.000000 0.000000 0.570790 2.000000
61.000000 114.000000 0.000000 0.592441 3.000000
64.000000 106.000000 0.000000 0.554577 2.000000
64.000000 54.000000 0.000000 0.203832 2.000000
64.000000 102.000000 0.000000 0.582193 3.000000
61.000000 122.000000 0.000000 0.530388 3.000000
60.000000 120.000000 0.000000 0.498677 2.000000
64.000000 98.000000 0.000000 0.549644 2.000000
63.000000 93.000000 0.000000 0.569695 3.000000
63.000000 37.000000 0.000000 0.000000 0.000000
