66.000000 143.000000 0.000000 0.438872 2.000000
67.000000 160.000000 0.000000 0.758398 3.000000
64.000000 132.000000 0.000000 0.715145 3.000000
56.000000 42.000000 0.000000 0.201311 2.000000
56.000000 41.000000 0.000000 0.211753 3.000000
70.000000 42.000000 0.000000 0.207695 2.000000
70.000000 41.000000 0.000000 0.217501 3.000000
58.000000 51.000000 0.000000 0.337580 3.000000
61.000000 53.000000 0.000000 0.181463 2.000000
67.000000 51.000000 0.000000 0.340711 3.000000
64.000000 54.000000 0.000000 0.204021 2.000000
64.000000 122.000000 0.000000 0.436065 2.000000
63.000000 122.000000 0.000000 0.445192 3.000000
64.000000 100.000000 0.000000 0.557545 2.000000
63.000000 97.000000 0.000000 0.581790 3.000000
61.000000 113.000000 0.000000 0.576505 2.000000
62.000000 112.000000 0.000000 0.598545 3.000000
64.000000 103.000000 0.000000 0.589827 3.000000
61.000000 114.000000 0.000000 0.593769 3.000000
63.000000 109.000000 0.000000 0.547279 2.000000
61.000000 119.000000 0.000000 0.422980 2.000000
63.000000 37.000000 0.000000 0.000000 0.000000
