66.000000 144.000000 0.000000 0.482452 2.000000
67.000000 161.000000 0.000000 0.764448 3.000000
56.000000 42.000000 0.000000 0.201551 2.000000
56.000000 41.000000 0.000000 0.211933 3.000000
70.000000 42.000000 0.000000 0.207715 2.000000
70.000000 41.000000 0.000000 0.217514 3.000000
58.000000 51.000000 0.000000 0.337790 3.000000
63.000000 137.000000 0.000000 0.640030 3.000000
61.000000 53.000000 0.000000 0.181545 2.000000
67.000000 51.000000 0.000000 0.340735 3.000000
64.000000 54.000000 0.000000 0.204161 2.000000
61.000000 119.000000 0.000000 0.415564 2.000000
63.000000 121.000000 0.000000 0.431084 3.000000
63.000000 111.000000 0.000000 0.563319 2.000000
61.000000 113.000000 0.000000 0.608699 3.000000
63.000000 110.000000 0.000000 0.588925 3.000000
63.000000 99.000000 0.000000 0.566005 2.000000
63.000000 95.000000 0.000000 0.583216 3.000000
64.000000 108.000000 0.000000 0.545014 2.000000
64.000000 102.000000 0.000000 0.588789 3.000000
66.000000 124.000000 0.000000 0.378262 2.000000
63.000000 37.000000 0.000000 0.000000 0.000000
