60.000000 142.000000 0.000000 0.400307 2.000000
57.000000 157.000000 0.000000 0.759956 3.000000
62.000000 122.000000 0.000000 0.467651 2.000000
61.000000 132.000000 0.000000 0.684801 3.000000
62.000000 106.000000 0.000000 0.560636 2.000000
62.000000 109.000000 0.000000 0.611909 3.000000
70.000000 42.000000 0.000000 0.201443 2.000000
70.000000 41.000000 0.000000 0.211834 3.000000
56.000000 42.000000 0.000000 0.207598 2.000000
56.000000 41.000000 0.000000 0.217428 3.000000
64.000000 54.000000 0.000000 0.204037 2.000000
67.000000 51.000000 0.000000 0.338012 3.000000
62.000000 98.000000 0.000000 0.547031 2.000000
62.000000 93.000000 0.000000 0.574561 3.000000
61.000000 103.000000 0.000000 0.572454 3.000000
58.000000 51.000000 0.000000 0.340499 3.000000
65.000000 117.000000 0.000000 0.438045 2.000000
62.000000 121.000000 0.000000 0.479856 3.000000
63.000000 121.000000 0.000000 0.458330 2.000000
61.000000 53.000000 0.000000 0.181497 2.000000
63.000000 120.000000 0.000000 0.473532 3.000000
65.000000 118.000000 0.000000 0.448822 3.000000
64.000000 120.000000 0.000000 0.445533 2.000000
64.000000 119.000000 0.000000 0.458442 3.000000
65.000000 119.000000 0.000000 0.430537 2.000000
63.000000 37.000000 0.000000 0.000000 0.000000
