66.000000 143.000000 0.000000 0.469079 2.000000
66.000000 160.000000 0.000000 0.757208 3.000000
64.000000 131.000000 0.000000 0.650643 3.000000
56.000000 42.000000 0.000000 0.201624 2.000000
56.000000 41.000000 0.000000 0.211997 3.000000
70.000000 42.000000 0.000000 0.207331 2.000000
70.000000 41.000000 0.000000 0.217200 3.000000
58.000000 51.000000 0.000000 0.337837 3.000000
61.000000 53.000000 0.000000 0.181666 2.000000
67.000000 51.000000 0.000000 0.340518 3.000000
63.000000 109.000000 0.000000 0.562243 2.000000
62.000000 112.000000 0.000000 0.602739 3.000000
64.000000 54.000000 0.000000 0.203875 2.000000
65.000000 123.000000 0.000000 0.431055 2.000000
64.000000 122.000000 0.000000 0.442977 3.000000
64.000000 104.000000 0.000000 0.590968 3.000000
64.000000 100.000000 0.000000 0.555626 2.000000
63.000000 95.000000 0.000000 0.581211 3.000000
61.000000 119.000000 0.000000 0.412305 2.000000
63.000000 37.000000 0.000000 0.000000 0.000000
