66.000000 148.000000 0.000000 0.389963 2.000000
69.000000 164.000000 0.000000 0.761319 3.000000
64.000000 136.000000 0.000000 0.691726 3.000000
56.000000 42.000000 0.000000 0.200822 2.000000
56.000000 41.000000 0.000000 0.211322 3.000000
70.000000 42.000000 0.000000 0.208092 2.000000
70.000000 41.000000 0.000000 0.217919 3.000000
58.000000 51.000000 0.000000 0.337648 3.000000
65.000000 107.000000 0.000000 0.579523 2.000000
64.000000 105.000000 0.000000 0.601652 3.000000
61.000000 119.000000 0.000000 0.577162 2.000000
60.000000 119.000000 0.000000 0.599456 3.000000
61.000000 53.000000 0.000000 0.181995 2.000000
61.000000 118.000000 0.000000 0.594471 3.000000
67.000000 51.000000 0.000000 0.340713 3.000000
64.000000 114.000000 0.000000 0.503514 2.000000
65.000000 108.000000 0.000000 0.590037 3.000000
64.000000 100.000000 0.000000 0.559150 2.000000
63.000000 95.000000 0.000000 0.579413 3.000000
59.000000 125.000000 0.000000 0.388106 2.000000
59.000000 126.000000 0.000000 0.403164 3.000000
64.000000 54.000000 0.000000 0.204032 2.000000
59.000000 127.000000 0.000000 0.385587 2.000000
63.000000 37.000000 0.000000 0.000000 0.000000
