59.000000 150.000000 0.000000 0.466592 2.000000
56.000000 164.000000 0.000000 0.753828 3.000000
61.000000 139.000000 0.000000 0.667018 3.000000
70.000000 42.000000 0.000000 0.201129 2.000000
70.000000 41.000000 0.000000 0.211605 3.000000
56.000000 42.000000 0.000000 0.208003 2.000000
56.000000 41.000000 0.000000 0.217843 3.000000
64.000000 54.000000 0.000000 0.203553 2.000000
67.000000 51.000000 0.000000 0.337699 3.000000
61.000000 107.000000 0.000000 0.570602 2.000000
61.000000 105.000000 0.000000 0.612718 3.000000
60.000000 107.000000 0.000000 0.581809 3.000000
58.000000 51.000000 0.000000 0.340641 3.000000
62.000000 97.000000 0.000000 0.555764 2.000000
62.000000 92.000000 0.000000 0.567305 3.000000
66.000000 116.000000 0.000000 0.528942 2.000000
65.000000 116.000000 0.000000 0.554195 3.000000
66.000000 117.000000 0.000000 0.541857 3.000000
65.000000 115.000000 0.000000 0.526045 2.000000
62.000000 112.000000 0.000000 0.464221 2.000000
64.000000 115.000000 0.000000 0.541792 3.000000
64.000000 114.000000 0.000000 0.498519 2.000000
63.000000 114.000000 0.000000 0.518614 3.000000
63.000000 113.000000 0.000000 0.468888 2.000000
62.000000 113.000000 0.000000 0.500859 3.000000
67.000000 121.000000 0.000000 0.398884 2.000000
64.000000 124.000000 0.000000 0.412140 3.000000
61.000000 53.000000 0.000000 0.181197 2.000000
61.000000 127.000000 0.000000 0.387234 2.000000
63.000000 37.000000 0.000000 0.000000 0.000000
