65.000000 131.000000 0.000000 0.328433 2.000000
67.000000 148.000000 0.000000 0.783907 3.000000
62.000000 118.000000 0.000000 0.599470 2.000000
63.000000 119.000000 0.000000 0.637532 3.000000
56.000000 42.000000 0.000000 0.201792 2.000000
56.000000 41.000000 0.000000 0.212065 3.000000
62.000000 115.000000 0.000000 0.612895 3.000000
70.000000 42.000000 0.000000 0.206809 2.000000
70.000000 41.000000 0.000000 0.216559 3.000000
58.000000 51.000000 0.000000 0.335904 3.000000
62.000000 110.000000 0.000000 0.560315 2.000000
62.000000 102.000000 0.000000 0.559112 2.000000
63.000000 99.000000 0.000000 0.585451 3.000000
62.000000 104.000000 0.000000 0.571320 3.000000
63.000000 94.000000 0.000000 0.555155 2.000000
63.000000 90.000000 0.000000 0.563944 3.000000
61.000000 53.000000 0.000000 0.178061 2.000000
67.000000 51.000000 0.000000 0.337938 3.000000
64.000000 54.000000 0.000000 0.205421 2.000000
63.000000 37.000000 0.000000 0.000000 0.000000
