60.000000 147.000000 0.000000 0.457781 2.000000
57.000000 160.000000 0.000000 0.758460 3.000000
60.000000 136.000000 0.000000 0.686966 3.000000
70.000000 42.000000 0.000000 0.201336 2.000000
70.000000 41.000000 0.000000 0.211793 3.000000
56.000000 42.000000 0.000000 0.207878 2.000000
56.000000 41.000000 0.000000 0.217645 3.000000
64.000000 54.000000 0.000000 0.203834 2.000000
67.000000 51.000000 0.000000 0.337852 3.000000
58.000000 51.000000 0.000000 0.340787 3.000000
63.000000 115.000000 0.000000 0.593047 2.000000
63.000000 114.000000 0.000000 0.611556 3.000000
64.000000 116.000000 0.000000 0.607260 3.000000
63.000000 111.000000 0.000000 0.538104 2.000000
62.000000 98.000000 0.000000 0.566311 2.000000
62.000000 96.000000 0.000000 0.587320 3.000000
61.000000 100.000000 0.000000 0.585556 3.000000
61.000000 53.000000 0.000000 0.181570 2.000000
62.000000 108.000000 0.000000 0.517817 2.000000
62.000000 110.000000 0.000000 0.551047 3.000000
66.000000 122.000000 0.000000 0.419556 2.000000
63.000000 37.000000 0.000000 0.000000 0.000000
