66.000000 142.000000 0.000000 0.410196 2.000000
67.000000 157.000000 0.000000 0.761473 3.000000
62.000000 118.000000 0.000000 0.483350 2.000000
63.000000 128.000000 0.000000 0.671469 3.000000
56.000000 42.000000 0.000000 0.201561 2.000000
56.000000 41.000000 0.000000 0.211967 3.000000
70.000000 42.000000 0.000000 0.207561 2.000000
70.000000 41.000000 0.000000 0.217376 3.000000
58.000000 51.000000 0.000000 0.337778 3.000000
61.000000 53.000000 0.000000 0.181677 2.000000
67.000000 51.000000 0.000000 0.340611 3.000000
63.000000 109.000000 0.000000 0.585441 2.000000
63.000000 108.000000 0.000000 0.605250 3.000000
62.000000 110.000000 0.000000 0.601090 3.000000
63.000000 105.000000 0.000000 0.548173 2.000000
63.000000 99.000000 0.000000 0.551310 2.000000
63.000000 95.000000 0.000000 0.576931 3.000000
64.000000 54.000000 0.000000 0.204073 2.000000
62.000000 117.000000 0.000000 0.497916 3.000000
62.000000 116.000000 0.000000 0.465017 2.000000
64.000000 102.000000 0.000000 0.571942 3.000000
63.000000 37.000000 0.000000 0.000000 0.000000
