60.000000 147.000000 0.000000 0.463521 2.000000
57.000000 161.000000 0.000000 0.762228 3.000000
62.000000 136.000000 0.000000 0.684355 3.000000
70.000000 42.000000 0.000000 0.201434 2.000000
70.000000 41.000000 0.000000 0.211881 3.000000
63.000000 111.000000 0.000000 0.547219 2.000000
64.000000 114.000000 0.000000 0.605623 3.000000
61.000000 101.000000 0.000000 0.570813 2.000000
62.000000 98.000000 0.000000 0.595766 3.000000
61.000000 103.000000 0.000000 0.593163 3.000000
61.000000 109.000000 0.000000 0.531307 2.000000
62.000000 111.000000 0.000000 0.568354 3.000000
64.000000 120.000000 0.000000 0.419784 2.000000
56.000000 42.000000 0.000000 0.207673 2.000000
56.000000 41.000000 0.000000 0.217461 3.000000
64.000000 54.000000 0.000000 0.203251 2.000000
67.000000 51.000000 0.000000 0.337897 3.000000
63.000000 121.000000 0.000000 0.425516 2.000000
62.000000 122.000000 0.000000 0.437405 3.000000
64.000000 121.000000 0.000000 0.435603 3.000000
58.000000 51.000000 0.000000 0.340739 3.000000
60.000000 126.000000 0.000000 0.385097 2.000000
61.000000 53.000000 0.000000 0.181924 2.000000
63.000000 37.000000 0.000000 0.000000 0.000000
