60.000000 152.000000 0.000000 0.517407 2.000000
56.000000 163.000000 0.000000 0.748074 3.000000
61.000000 141.000000 0.000000 0.613443 2.000000
62.000000 140.000000 0.000000 0.622806 3.000000
61.000000 142.000000 0.000000 0.621518 3.000000
70.000000 42.000000 0.000000 0.200986 2.000000
70.000000 41.000000 0.000000 0.211479 3.000000
56.000000 42.000000 0.000000 0.207955 2.000000
56.000000 41.000000 0.000000 0.217760 3.000000
64.000000 54.000000 0.000000 0.203478 2.000000
67.000000 51.000000 0.000000 0.337641 3.000000
58.000000 51.000000 0.000000 0.340944 3.000000
63.000000 115.000000 0.000000 0.557408 2.000000
63.000000 116.000000 0.000000 0.604394 3.000000
61.000000 113.000000 0.000000 0.559744 2.000000
62.000000 115.000000 0.000000 0.592422 3.000000
61.000000 101.000000 0.000000 0.570893 2.000000
61.000000 104.000000 0.000000 0.592202 3.000000
62.000000 98.000000 0.000000 0.588456 3.000000
61.000000 53.000000 0.000000 0.181526 2.000000
63.000000 129.000000 0.000000 0.397852 2.000000
62.000000 128.000000 0.000000 0.411591 3.000000
66.000000 124.000000 0.000000 0.330886 2.000000
63.000000 37.000000 0.000000 0.000000 0.000000
