65.000000 130.000000 0.000000 0.323070 2.000000
67.000000 148.000000 0.000000 0.779767 3.000000
62.000000 108.000000 0.000000 0.547353 2.000000
63.000000 119.000000 0.000000 0.671971 3.000000
56.000000 42.000000 0.000000 0.201633 2.000000
56.000000 41.000000 0.000000 0.211931 3.000000
70.000000 42.000000 0.000000 0.206766 2.000000
70.000000 41.000000 0.000000 0.216536 3.000000
58.000000 51.000000 0.000000 0.335953 3.000000
63.000000 101.000000 0.000000 0.554846 2.000000
63.000000 98.000000 0.000000 0.587603 3.000000
62.000000 103.000000 0.000000 0.570682 3.000000
67.000000 51.000000 0.000000 0.337917 3.000000
61.000000 53.000000 0.000000 0.178191 2.000000
64.000000 54.000000 0.000000 0.205154 2.000000
63.000000 37.000000 0.000000 0.000000 0.000000
