65.000000 138.000000 0.000000 0.380295 2.000000
67.000000 153.000000 0.000000 0.764293 3.000000
63.000000 119.000000 0.000000 0.541560 2.000000
63.000000 126.000000 0.000000 0.717179 3.000000
56.000000 42.000000 0.000000 0.201810 2.000000
56.000000 41.000000 0.000000 0.212133 3.000000
70.000000 42.000000 0.000000 0.207496 2.000000
70.000000 41.000000 0.000000 0.217296 3.000000
58.000000 51.000000 0.000000 0.338216 3.000000
63.000000 107.000000 0.000000 0.584151 2.000000
63.000000 105.000000 0.000000 0.608206 3.000000
62.000000 108.000000 0.000000 0.595669 3.000000
61.000000 53.000000 0.000000 0.181836 2.000000
61.000000 113.000000 0.000000 0.530197 2.000000
67.000000 51.000000 0.000000 0.340523 3.000000
62.000000 115.000000 0.000000 0.553817 3.000000
64.000000 54.000000 0.000000 0.203944 2.000000
63.000000 37.000000 0.000000 0.000000 0.000000
