60.000000 138.000000 0.000000 0.382209 2.000000
58.000000 154.000000 0.000000 0.770347 3.000000
61.000000 119.000000 0.000000 0.508287 2.000000
62.000000 128.000000 0.000000 0.718078 3.000000
70.000000 42.000000 0.000000 0.201835 2.000000
70.000000 41.000000 0.000000 0.212265 3.000000
62.000000 106.000000 0.000000 0.583375 2.000000
62.000000 105.000000 0.000000 0.597572 3.000000
56.000000 42.000000 0.000000 0.207275 2.000000
56.000000 41.000000 0.000000 0.217152 3.000000
64.000000 54.000000 0.000000 0.203093 2.000000
67.000000 51.000000 0.000000 0.337757 3.000000
63.000000 108.000000 0.000000 0.594797 3.000000
62.000000 99.000000 0.000000 0.550385 2.000000
62.000000 93.000000 0.000000 0.580479 3.000000
63.000000 115.000000 0.000000 0.541658 3.000000
64.000000 114.000000 0.000000 0.506406 2.000000
58.000000 51.000000 0.000000 0.340139 3.000000
61.000000 53.000000 0.000000 0.181093 2.000000
63.000000 37.000000 0.000000 0.000000 0.000000
