60.000000 141.000000 0.000000 0.381351 2.000000
57.000000 157.000000 0.000000 0.763533 3.000000
62.000000 122.000000 0.000000 0.524322 2.000000
62.000000 129.000000 0.000000 0.705425 3.000000
70.000000 42.000000 0.000000 0.201598 2.000000
70.000000 41.000000 0.000000 0.212031 3.000000
56.000000 42.000000 0.000000 0.207437 2.000000
56.000000 41.000000 0.000000 0.217314 3.000000
64.000000 54.000000 0.000000 0.203980 2.000000
67.000000 51.000000 0.000000 0.338008 3.000000
58.000000 51.000000 0.000000 0.340333 3.000000
62.000000 108.000000 0.000000 0.566495 2.000000
63.000000 109.000000 0.000000 0.592269 3.000000
62.000000 107.000000 0.000000 0.580321 3.000000
61.000000 53.000000 0.000000 0.181368 2.000000
64.000000 110.000000 0.000000 0.561209 2.000000
63.000000 119.000000 0.000000 0.507845 2.000000
63.000000 118.000000 0.000000 0.524493 3.000000
64.000000 111.000000 0.000000 0.577989 3.000000
62.000000 120.000000 0.000000 0.533246 3.000000
61.000000 105.000000 0.000000 0.539675 2.000000
62.000000 98.000000 0.000000 0.566270 2.000000
62.000000 96.000000 0.000000 0.577454 3.000000
61.000000 101.000000 0.000000 0.577014 3.000000
64.000000 115.000000 0.000000 0.489794 2.000000
63.000000 37.000000 0.000000 0.000000 0.000000
