58.000000 147.000000 0.000000 0.448568 2.000000
58.000000 162.000000 0.000000 0.730577 3.000000
70.000000 42.000000 0.000000 0.201183 2.000000
70.000000 41.000000 0.000000 0.211603 3.000000
56.000000 42.000000 0.000000 0.207898 2.000000
56.000000 41.000000 0.000000 0.217634 3.000000
64.000000 54.000000 0.000000 0.203702 2.000000
67.000000 51.000000 0.000000 0.337858 3.000000
58.000000 51.000000 0.000000 0.340943 3.000000
60.000000 137.000000 0.000000 0.674271 3.000000
61.000000 53.000000 0.000000 0.181095 2.000000
61.000000 117.000000 0.000000 0.565197 2.000000
61.000000 115.000000 0.000000 0.582900 3.000000
61.000000 105.000000 0.000000 0.583383 2.000000
61.000000 107.000000 0.000000 0.602573 3.000000
62.000000 102.000000 0.000000 0.609107 3.000000
61.000000 112.000000 0.000000 0.561037 2.000000
62.000000 120.000000 0.000000 0.577368 2.000000
62.000000 119.000000 0.000000 0.609896 3.000000
63.000000 120.000000 0.000000 0.619702 3.000000
67.000000 127.000000 0.000000 0.286833 2.000000
63.000000 37.000000 0.000000 0.000000 0.000000
