66.000000 149.000000 0.000000 0.525360 2.000000
67.000000 164.000000 0.000000 0.758991 3.000000
56.000000 42.000000 0.000000 0.201422 2.000000
56.000000 41.000000 0.000000 0.211857 3.000000
64.000000 142.000000 0.000000 0.645299 3.000000
70.000000 42.000000 0.000000 0.207876 2.000000
70.000000 41.000000 0.000000 0.217644 3.000000
58.000000 51.000000 0.000000 0.337607 3.000000
61.000000 53.000000 0.000000 0.181440 2.000000
63.000000 101.000000 0.000000 0.571454 2.000000
64.000000 104.000000 0.000000 0.602910 3.000000
67.000000 51.000000 0.000000 0.340923 3.000000
64.000000 112.000000 0.000000 0.512328 2.000000
61.000000 115.000000 0.000000 0.600088 3.000000
63.000000 97.000000 0.000000 0.591111 3.000000
64.000000 54.000000 0.000000 0.204279 2.000000
60.000000 122.000000 0.000000 0.370148 2.000000
63.000000 124.000000 0.000000 0.388155 3.000000
64.000000 127.000000 0.000000 0.317168 2.000000
63.000000 37.000000 0.000000 0.000000 0.000000
