59.000000 140.000000 0.000000 0.389458 2.000000
58.000000 155.000000 0.000000 0.737609 3.000000
66.000000 121.000000 0.000000 0.423711 2.000000
61.000000 129.000000 0.000000 0.653098 3.000000
70.000000 42.000000 0.000000 0.201714 2.000000
70.000000 41.000000 0.000000 0.212070 3.000000
56.000000 42.000000 0.000000 0.207599 2.000000
56.000000 41.000000 0.000000 0.217367 3.000000
64.000000 54.000000 0.000000 0.203939 2.000000
67.000000 51.000000 0.000000 0.338303 3.000000
58.000000 51.000000 0.000000 0.340457 3.000000
61.000000 53.000000 0.000000 0.180729 2.000000
61.000000 101.000000 0.000000 0.556876 2.000000
62.000000 97.000000 0.000000 0.592609 3.000000
62.000000 114.000000 0.000000 0.589048 2.000000
63.000000 115.000000 0.000000 0.602470 3.000000
62.000000 113.000000 0.000000 0.618622 3.000000
63.000000 37.000000 0.000000 0.000000 0.000000
