61.000000 126.000000 0.000000 0.332548 2.000000
59.000000 142.000000 0.000000 0.745960 3.000000
63.000000 108.000000 0.000000 0.563617 2.000000
61.000000 115.000000 0.000000 0.627183 3.000000
70.000000 42.000000 0.000000 0.202706 2.000000
70.000000 41.000000 0.000000 0.212946 3.000000
56.000000 42.000000 0.000000 0.206818 2.000000
56.000000 41.000000 0.000000 0.216709 3.000000
64.000000 54.000000 0.000000 0.203354 2.000000
67.000000 51.000000 0.000000 0.338640 3.000000
63.000000 104.000000 0.000000 0.592735 3.000000
63.000000 101.000000 0.000000 0.557891 2.000000
62.000000 98.000000 0.000000 0.589796 3.000000
58.000000 51.000000 0.000000 0.339738 3.000000
61.000000 53.000000 0.000000 0.181319 2.000000
63.000000 37.000000 0.000000 0.000000 0.000000
