64.000000 126.000000 0.000000 0.315687 2.000000
67.000000 144.000000 0.000000 0.761746 3.000000
64.000000 116.000000 0.000000 0.570744 2.000000
64.000000 114.000000 0.000000 0.606894 3.000000
56.000000 42.000000 0.000000 0.202609 2.000000
56.000000 41.000000 0.000000 0.212983 3.000000
70.000000 42.000000 0.000000 0.206504 2.000000
70.000000 41.000000 0.000000 0.216449 3.000000
62.000000 102.000000 0.000000 0.565285 2.000000
62.000000 104.000000 0.000000 0.595530 3.000000
58.000000 51.000000 0.000000 0.337669 3.000000
61.000000 53.000000 0.000000 0.179960 2.000000
67.000000 51.000000 0.000000 0.338892 3.000000
63.000000 99.000000 0.000000 0.594349 3.000000
63.000000 111.000000 0.000000 0.546380 2.000000
64.000000 54.000000 0.000000 0.203832 2.000000
64.000000 120.000000 0.000000 0.472218 2.000000
64.000000 121.000000 0.000000 0.484171 3.000000
65.000000 116.000000 0.000000 0.589292 3.000000
63.000000 37.000000 0.000000 0.000000 0.000000
