59.000000 143.000000 0.000000 0.417725 2.000000
58.000000 157.000000 0.000000 0.766100 3.000000
70.000000 42.000000 0.000000 0.201647 2.000000
70.000000 41.000000 0.000000 0.212040 3.000000
56.000000 42.000000 0.000000 0.207500 2.000000
56.000000 41.000000 0.000000 0.217288 3.000000
64.000000 54.000000 0.000000 0.203206 2.000000
67.000000 51.000000 0.000000 0.338033 3.000000
61.000000 122.000000 0.000000 0.466859 2.000000
62.000000 132.000000 0.000000 0.705118 3.000000
58.000000 51.000000 0.000000 0.340597 3.000000
63.000000 109.000000 0.000000 0.582672 2.000000
63.000000 110.000000 0.000000 0.604493 3.000000
62.000000 108.000000 0.000000 0.594137 3.000000
61.000000 105.000000 0.000000 0.548707 2.000000
61.000000 99.000000 0.000000 0.558736 2.000000
62.000000 96.000000 0.000000 0.587700 3.000000
61.000000 101.000000 0.000000 0.574613 3.000000
61.000000 53.000000 0.000000 0.181623 2.000000
63.000000 119.000000 0.000000 0.477767 2.000000
63.000000 118.000000 0.000000 0.493381 3.000000
64.000000 118.000000 0.000000 0.458940 2.000000
62.000000 119.000000 0.000000 0.496611 3.000000
63.000000 37.000000 0.000000 0.000000 0.000000
