66.000000 147.000000 0.000000 0.466180 2.000000
68.000000 161.000000 0.000000 0.770345 3.000000
56.000000 42.000000 0.000000 0.201180 2.000000
56.000000 41.000000 0.000000 0.211672 3.000000
65.000000 137.000000 0.000000 0.687034 3.000000
70.000000 42.000000 0.000000 0.208018 2.000000
70.000000 41.000000 0.000000 0.217760 3.000000
58.000000 51.000000 0.000000 0.337604 3.000000
61.000000 53.000000 0.000000 0.180940 2.000000
67.000000 51.000000 0.000000 0.340873 3.000000
64.000000 100.000000 0.000000 0.559462 2.000000
64.000000 104.000000 0.000000 0.604157 3.000000
63.000000 95.000000 0.000000 0.580723 3.000000
64.000000 54.000000 0.000000 0.204006 2.000000
61.000000 123.000000 0.000000 0.344794 2.000000
62.000000 123.000000 0.000000 0.357536 3.000000
60.000000 116.000000 0.000000 0.521407 2.000000
59.000000 116.000000 0.000000 0.530848 3.000000
64.000000 112.000000 0.000000 0.522033 2.000000
60.000000 115.000000 0.000000 0.547469 3.000000
65.000000 125.000000 0.000000 0.340064 2.000000
63.000000 37.000000 0.000000 0.000000 0.000000
