66.000000 142.000000 0.000000 0.446653 2.000000
66.000000 157.000000 0.000000 0.764266 3.000000
61.000000 119.000000 0.000000 0.482970 2.000000
64.000000 131.000000 0.000000 0.698347 3.000000
56.000000 42.000000 0.000000 0.201591 2.000000
56.000000 41.000000 0.000000 0.212005 3.000000
70.000000 42.000000 0.000000 0.207557 2.000000
70.000000 41.000000 0.000000 0.217377 3.000000
58.000000 51.000000 0.000000 0.337926 3.000000
61.000000 53.000000 0.000000 0.181726 2.000000
67.000000 51.000000 0.000000 0.340486 3.000000
64.000000 54.000000 0.000000 0.203946 2.000000
62.000000 114.000000 0.000000 0.551741 2.000000
61.000000 114.000000 0.000000 0.563067 3.000000
64.000000 108.000000 0.000000 0.564664 2.000000
63.000000 110.000000 0.000000 0.605083 3.000000
64.000000 105.000000 0.000000 0.583175 3.000000
63.000000 37.000000 0.000000 0.000000 0.000000
