64.000000 126.000000 0.000000 0.315518 2.000000
66.000000 144.000000 0.000000 0.782564 3.000000
56.000000 42.000000 0.000000 0.201938 2.000000
56.000000 41.000000 0.000000 0.212165 3.000000
63.000000 109.000000 0.000000 0.568640 2.000000
64.000000 117.000000 0.000000 0.661094 3.000000
70.000000 42.000000 0.000000 0.206480 2.000000
70.000000 41.000000 0.000000 0.216193 3.000000
58.000000 51.000000 0.000000 0.336015 3.000000
62.000000 100.000000 0.000000 0.555776 2.000000
63.000000 96.000000 0.000000 0.581023 3.000000
62.000000 106.000000 0.000000 0.580917 3.000000
61.000000 53.000000 0.000000 0.178044 2.000000
67.000000 51.000000 0.000000 0.337927 3.000000
64.000000 54.000000 0.000000 0.205413 2.000000
63.000000 37.000000 0.000000 0.000000 0.000000
