59.000000 149.000000 0.000000 0.521952 2.000000
58.000000 163.000000 0.000000 0.747941 3.000000
61.000000 140.000000 0.000000 0.702693 3.000000
70.000000 42.000000 0.000000 0.201392 2.000000
70.000000 41.000000 0.000000 0.211818 3.000000
56.000000 42.000000 0.000000 0.207744 2.000000
56.000000 41.000000 0.000000 0.217577 3.000000
66.000000 122.000000 0.000000 0.310027 2.000000
64.000000 124.000000 0.000000 0.337396 3.000000
64.000000 54.000000 0.000000 0.203426 2.000000
67.000000 51.000000 0.000000 0.337749 3.000000
58.000000 51.000000 0.000000 0.340984 3.000000
62.000000 104.000000 0.000000 0.579874 2.000000
61.000000 105.000000 0.000000 0.610476 3.000000
62.000000 102.000000 0.000000 0.607593 3.000000
60.000000 106.000000 0.000000 0.569673 2.000000
60.000000 107.000000 0.000000 0.596126 3.000000
62.000000 114.000000 0.000000 0.482939 2.000000
61.000000 53.000000 0.000000 0.181745 2.000000
64.000000 116.000000 0.000000 0.484792 2.000000
64.000000 115.000000 0.000000 0.503180 3.000000
65.000000 116.000000 0.000000 0.521394 3.000000
60.000000 126.000000 0.000000 0.275732 2.000000
63.000000 37.000000 0.000000 0.000000 0.000000
