61.000000 127.000000 0.000000 0.327045 2.000000
59.000000 143.000000 0.000000 0.776039 3.000000
62.000000 106.000000 0.000000 0.559968 2.000000
62.000000 115.000000 0.000000 0.659927 3.000000
70.000000 42.000000 0.000000 0.202169 2.000000
70.000000 41.000000 0.000000 0.212345 3.000000
56.000000 42.000000 0.000000 0.206440 2.000000
56.000000 41.000000 0.000000 0.216204 3.000000
64.000000 54.000000 0.000000 0.204601 2.000000
67.000000 51.000000 0.000000 0.336091 3.000000
63.000000 99.000000 0.000000 0.552912 2.000000
62.000000 95.000000 0.000000 0.579689 3.000000
58.000000 51.000000 0.000000 0.337769 3.000000
63.000000 104.000000 0.000000 0.576227 3.000000
61.000000 53.000000 0.000000 0.178586 2.000000
63.000000 37.000000 0.000000 0.000000 0.000000
