60.000000 138.000000 0.000000 0.368006 2.000000
57.000000 154.000000 0.000000 0.762679 3.000000
62.000000 120.000000 0.000000 0.494061 2.000000
61.000000 128.000000 0.000000 0.700926 3.000000
63.000000 107.000000 0.000000 0.562904 2.000000
62.000000 106.000000 0.000000 0.606624 3.000000
70.000000 42.000000 0.000000 0.201767 2.000000
70.000000 41.000000 0.000000 0.212091 3.000000
56.000000 42.000000 0.000000 0.207459 2.000000
56.000000 41.000000 0.000000 0.217263 3.000000
63.000000 108.000000 0.000000 0.594839 3.000000
64.000000 54.000000 0.000000 0.203918 2.000000
67.000000 51.000000 0.000000 0.338303 3.000000
62.000000 98.000000 0.000000 0.556656 2.000000
62.000000 91.000000 0.000000 0.567766 3.000000
62.000000 118.000000 0.000000 0.528055 3.000000
64.000000 114.000000 0.000000 0.480405 2.000000
58.000000 51.000000 0.000000 0.340501 3.000000
61.000000 53.000000 0.000000 0.181534 2.000000
63.000000 37.000000 0.000000 0.000000 0.000000
