66.000000 148.000000 0.000000 0.511653 2.000000
66.000000 164.000000 0.000000 0.751814 3.000000
56.000000 42.000000 0.000000 0.201459 2.000000
56.000000 41.000000 0.000000 0.211874 3.000000
64.000000 136.000000 0.000000 0.681137 3.000000
70.000000 42.000000 0.000000 0.207472 2.000000
70.000000 41.000000 0.000000 0.217292 3.000000
58.000000 51.000000 0.000000 0.337722 3.000000
61.000000 53.000000 0.000000 0.181333 2.000000
67.000000 51.000000 0.000000 0.340847 3.000000
64.000000 54.000000 0.000000 0.203992 2.000000
60.000000 122.000000 0.000000 0.361561 2.000000
63.000000 124.000000 0.000000 0.387905 3.000000
64.000000 112.000000 0.000000 0.544170 2.000000
61.000000 116.000000 0.000000 0.584448 3.000000
64.000000 102.000000 0.000000 0.569144 2.000000
63.000000 97.000000 0.000000 0.588489 3.000000
64.000000 105.000000 0.000000 0.604698 3.000000
64.000000 126.000000 0.000000 0.356666 2.000000
63.000000 37.000000 0.000000 0.000000 0.000000
