67.000000 149.000000 0.000000 0.534196 2.000000
67.000000 165.000000 0.000000 0.753814 3.000000
56.000000 42.000000 0.000000 0.201068 2.000000
56.000000 41.000000 0.000000 0.211579 3.000000
66.000000 139.000000 0.000000 0.721966 3.000000
70.000000 42.000000 0.000000 0.207989 2.000000
70.000000 41.000000 0.000000 0.217815 3.000000
58.000000 51.000000 0.000000 0.337614 3.000000
64.000000 98.000000 0.000000 0.553055 2.000000
64.000000 110.000000 0.000000 0.623755 3.000000
61.000000 53.000000 0.000000 0.181634 2.000000
67.000000 51.000000 0.000000 0.340795 3.000000
63.000000 94.000000 0.000000 0.567641 3.000000
64.000000 116.000000 0.000000 0.530538 2.000000
64.000000 54.000000 0.000000 0.204042 2.000000
61.000000 119.000000 0.000000 0.566536 3.000000
61.000000 125.000000 0.000000 0.373915 2.000000
63.000000 37.000000 0.000000 0.000000 0.000000
