61.000000 115.000000 0.000000 0.410113 2.000000
64.000000 129.000000 0.000000 0.786190 3.000000
56.000000 42.000000 0.000000 0.202862 2.000000
56.000000 41.000000 0.000000 0.212980 3.000000
70.000000 42.000000 0.000000 0.205554 2.000000
70.000000 41.000000 0.000000 0.215407 3.000000
58.000000 51.000000 0.000000 0.336055 3.000000
64.000000 104.000000 0.000000 0.552959 2.000000
63.000000 103.000000 0.000000 0.584836 3.000000
63.000000 101.000000 0.000000 0.543686 2.000000
62.000000 98.000000 0.000000 0.571660 3.000000
64.000000 105.000000 0.000000 0.570907 3.000000
61.000000 53.000000 0.000000 0.177944 2.000000
67.000000 51.000000 0.000000 0.337215 3.000000
64.000000 54.000000 0.000000 0.205455 2.000000
63.000000 37.000000 0.000000 0.000000 0.000000
