59.000000 141.000000 0.000000 0.394495 2.000000
58.000000 157.000000 0.000000 0.757814 3.000000
70.000000 42.000000 0.000000 0.201464 2.000000
70.000000 41.000000 0.000000 0.211917 3.000000
56.000000 42.000000 0.000000 0.207986 2.000000
56.000000 41.000000 0.000000 0.217760 3.000000
64.000000 54.000000 0.000000 0.203939 2.000000
67.000000 51.000000 0.000000 0.337922 3.000000
64.000000 124.000000 0.000000 0.409518 2.000000
60.000000 129.000000 0.000000 0.652562 3.000000
58.000000 51.000000 0.000000 0.340705 3.000000
61.000000 53.000000 0.000000 0.181556 2.000000
64.000000 123.000000 0.000000 0.417504 3.000000
61.000000 111.000000 0.000000 0.548885 2.000000
62.000000 112.000000 0.000000 0.580243 3.000000
62.000000 98.000000 0.000000 0.555618 2.000000
62.000000 94.000000 0.000000 0.582489 3.000000
61.000000 105.000000 0.000000 0.597492 3.000000
65.000000 121.000000 0.000000 0.369284 2.000000
63.000000 37.000000 0.000000 0.000000 0.000000
