56.000000 42.000000 0.000000 0.201775 2.000000
56.000000 41.000000 0.000000 0.212126 3.000000
62.000000 112.000000 0.000000 0.517418 2.000000
63.000000 126.000000 0.000000 0.652975 3.000000
70.000000 42.000000 0.000000 0.207417 2.000000
70.000000 41.000000 0.000000 0.217228 3.000000
58.000000 51.000000 0.000000 0.338028 3.000000
66.000000 138.000000 0.000000 0.384844 2.000000
66.000000 153.000000 0.000000 0.762150 3.000000
62.000000 106.000000 0.000000 0.559185 2.000000
63.000000 105.000000 0.000000 0.601292 3.000000
61.000000 53.000000 0.000000 0.181639 2.000000
67.000000 51.000000 0.000000 0.340527 3.000000
62.000000 107.000000 0.000000 0.586741 3.000000
63.000000 99.000000 0.000000 0.554048 2.000000
63.000000 93.000000 0.000000 0.572989 3.000000
64.000000 54.000000 0.000000 0.203980 2.000000
63.000000 37.000000 0.000000 0.000000 0.000000
