66.000000 138.000000 0.000000 0.332107 2.000000
68.000000 156.000000 0.000000 0.754277 3.000000
56.000000 42.000000 0.000000 0.201690 2.000000
56.000000 41.000000 0.000000 0.212040 3.000000
70.000000 42.000000 0.000000 0.207520 2.000000
70.000000 41.000000 0.000000 0.217388 3.000000
58.000000 51.000000 0.000000 0.338235 3.000000
61.000000 53.000000 0.000000 0.182469 2.000000
67.000000 51.000000 0.000000 0.340284 3.000000
64.000000 54.000000 0.000000 0.203745 2.000000
66.000000 134.000000 0.000000 0.355255 2.000000
65.000000 136.000000 0.000000 0.367137 3.000000
63.000000 99.000000 0.000000 0.559412 2.000000
64.000000 102.000000 0.000000 0.574712 3.000000
63.000000 95.000000 0.000000 0.583935 3.000000
63.000000 107.000000 0.000000 0.557920 2.000000
60.000000 122.000000 0.000000 0.453545 2.000000
63.000000 128.000000 0.000000 0.621434 3.000000
63.000000 115.000000 0.000000 0.594780 2.000000
62.000000 115.000000 0.000000 0.621718 3.000000
63.000000 113.000000 0.000000 0.635876 3.000000
63.000000 37.000000 0.000000 0.000000 0.000000
