60.000000 148.000000 0.000000 0.530036 2.000000
59.000000 162.000000 0.000000 0.738586 3.000000
63.000000 142.000000 0.000000 0.630654 3.000000
70.000000 42.000000 0.000000 0.201867 2.000000
70.000000 41.000000 0.000000 0.212211 3.000000
56.000000 42.000000 0.000000 0.207366 2.000000
56.000000 41.000000 0.000000 0.217190 3.000000
64.000000 54.000000 0.000000 0.203743 2.000000
67.000000 51.000000 0.000000 0.338191 3.000000
58.000000 51.000000 0.000000 0.340703 3.000000
64.000000 114.000000 0.000000 0.587635 2.000000
62.000000 112.000000 0.000000 0.617082 3.000000
61.000000 53.000000 0.000000 0.181417 2.000000
64.000000 115.000000 0.000000 0.610412 3.000000
63.000000 123.000000 0.000000 0.408960 2.000000
61.000000 123.000000 0.000000 0.426423 3.000000
61.000000 109.000000 0.000000 0.566274 2.000000
64.000000 116.000000 0.000000 0.562108 2.000000
65.000000 116.000000 0.000000 0.582920 3.000000
62.000000 102.000000 0.000000 0.559471 2.000000
62.000000 96.000000 0.000000 0.590127 3.000000
61.000000 105.000000 0.000000 0.586301 3.000000
59.000000 127.000000 0.000000 0.311421 2.000000
63.000000 37.000000 0.000000 0.000000 0.000000
