70.000000 42.000000 0.000000 0.202797 2.000000
70.000000 41.000000 0.000000 0.213107 3.000000
56.000000 42.000000 0.000000 0.206489 2.000000
56.000000 41.000000 0.000000 0.216489 3.000000
61.000000 123.000000 0.000000 0.325723 2.000000
59.000000 139.000000 0.000000 0.751940 3.000000
64.000000 54.000000 0.000000 0.203130 2.000000
67.000000 51.000000 0.000000 0.338130 3.000000
58.000000 51.000000 0.000000 0.339254 3.000000
61.000000 53.000000 0.000000 0.180868 2.000000
62.000000 98.000000 0.000000 0.563152 2.000000
62.000000 95.000000 0.000000 0.579611 3.000000
63.000000 102.000000 0.000000 0.588843 3.000000
62.000000 108.000000 0.000000 0.553896 2.000000
61.000000 111.000000 0.000000 0.597935 2.000000
62.000000 110.000000 0.000000 0.608611 3.000000
61.000000 112.000000 0.000000 0.623879 3.000000
63.000000 37.000000 0.000000 0.000000 0.000000
