61.000000 123.000000 0.000000 0.309914 2.000000
59.000000 140.000000 0.000000 0.777707 3.000000
70.000000 42.000000 0.000000 0.202148 2.000000
70.000000 41.000000 0.000000 0.212361 3.000000
56.000000 42.000000 0.000000 0.206506 2.000000
56.000000 41.000000 0.000000 0.216288 3.000000
64.000000 54.000000 0.000000 0.204463 2.000000
67.000000 51.000000 0.000000 0.335873 3.000000
62.000000 112.000000 0.000000 0.617637 2.000000
61.000000 113.000000 0.000000 0.642931 3.000000
62.000000 111.000000 0.000000 0.634714 3.000000
63.000000 105.000000 0.000000 0.562184 2.000000
58.000000 51.000000 0.000000 0.337604 3.000000
62.000000 98.000000 0.000000 0.547067 2.000000
62.000000 94.000000 0.000000 0.576625 3.000000
63.000000 103.000000 0.000000 0.575027 3.000000
61.000000 53.000000 0.000000 0.178586 2.000000
63.000000 37.000000 0.000000 0.000000 0.000000
