66.000000 142.000000 0.000000 0.390934 2.000000
68.000000 158.000000 0.000000 0.774564 3.000000
56.000000 42.000000 0.000000 0.201363 2.000000
56.000000 41.000000 0.000000 0.211879 3.000000
61.000000 119.000000 0.000000 0.470402 2.000000
64.000000 130.000000 0.000000 0.707840 3.000000
70.000000 42.000000 0.000000 0.207461 2.000000
70.000000 41.000000 0.000000 0.217322 3.000000
58.000000 51.000000 0.000000 0.336914 3.000000
61.000000 53.000000 0.000000 0.179912 2.000000
67.000000 51.000000 0.000000 0.339561 3.000000
62.000000 112.000000 0.000000 0.571634 2.000000
62.000000 111.000000 0.000000 0.601897 3.000000
61.000000 113.000000 0.000000 0.587191 3.000000
63.000000 109.000000 0.000000 0.563517 2.000000
63.000000 97.000000 0.000000 0.543046 2.000000
64.000000 99.000000 0.000000 0.579161 3.000000
63.000000 108.000000 0.000000 0.578119 3.000000
64.000000 54.000000 0.000000 0.204015 2.000000
63.000000 93.000000 0.000000 0.567443 3.000000
63.000000 105.000000 0.000000 0.521601 2.000000
63.000000 37.000000 0.000000 0.000000 0.000000
