66.000000 139.000000 0.000000 0.391873 2.000000
67.000000 154.000000 0.000000 0.778364 3.000000
63.000000 119.000000 0.000000 0.477676 2.000000
64.000000 128.000000 0.000000 0.701289 3.000000
56.000000 42.000000 0.000000 0.201248 2.000000
56.000000 41.000000 0.000000 0.211575 3.000000
70.000000 42.000000 0.000000 0.207181 2.000000
70.000000 41.000000 0.000000 0.216890 3.000000
58.000000 51.000000 0.000000 0.335647 3.000000
61.000000 109.000000 0.000000 0.542418 2.000000
63.000000 107.000000 0.000000 0.584691 3.000000
63.000000 97.000000 0.000000 0.551961 2.000000
64.000000 101.000000 0.000000 0.578057 3.000000
61.000000 53.000000 0.000000 0.178282 2.000000
61.000000 110.000000 0.000000 0.569364 3.000000
67.000000 51.000000 0.000000 0.338230 3.000000
63.000000 105.000000 0.000000 0.540759 2.000000
63.000000 92.000000 0.000000 0.568616 3.000000
64.000000 54.000000 0.000000 0.205092 2.000000
63.000000 118.000000 0.000000 0.496263 3.000000
61.000000 114.000000 0.000000 0.452207 2.000000
63.000000 37.000000 0.000000 0.000000 0.000000
