64.000000 124.000000 0.000000 0.350841 2.000000
65.000000 140.000000 0.000000 0.776804 3.000000
56.000000 42.000000 0.000000 0.202205 2.000000
56.000000 41.000000 0.000000 0.212383 3.000000
70.000000 42.000000 0.000000 0.206043 2.000000
70.000000 41.000000 0.000000 0.215786 3.000000
58.000000 51.000000 0.000000 0.336013 3.000000
61.000000 53.000000 0.000000 0.177947 2.000000
67.000000 51.000000 0.000000 0.337335 3.000000
64.000000 54.000000 0.000000 0.205099 2.000000
63.000000 99.000000 0.000000 0.550549 2.000000
63.000000 94.000000 0.000000 0.577254 3.000000
62.000000 110.000000 0.000000 0.575846 2.000000
62.000000 107.000000 0.000000 0.597174 3.000000
63.000000 113.000000 0.000000 0.591396 2.000000
63.000000 112.000000 0.000000 0.617417 3.000000
64.000000 114.000000 0.000000 0.619683 3.000000
63.000000 37.000000 0.000000 0.000000 0.000000
