56.000000 42.000000 0.000000 0.200962 2.000000
56.000000 41.000000 0.000000 0.211475 3.000000
66.000000 148.000000 0.000000 0.438634 2.000000
64.000000 138.000000 0.000000 0.729327 3.000000
70.000000 42.000000 0.000000 0.208024 2.000000
70.000000 41.000000 0.000000 0.217832 3.000000
58.000000 51.000000 0.000000 0.337399 3.000000
61.000000 53.000000 0.000000 0.180695 2.000000
67.000000 51.000000 0.000000 0.340769 3.000000
68.000000 165.000000 0.000000 0.771177 3.000000
64.000000 104.000000 0.000000 0.582857 2.000000
63.000000 102.000000 0.000000 0.599810 3.000000
64.000000 54.000000 0.000000 0.203970 2.000000
60.000000 124.000000 0.000000 0.351671 2.000000
60.000000 123.000000 0.000000 0.362151 3.000000
64.000000 105.000000 0.000000 0.598798 3.000000
64.000000 126.000000 0.000000 0.356925 2.000000
61.000000 124.000000 0.000000 0.371638 3.000000
64.000000 106.000000 0.000000 0.571826 2.000000
64.000000 114.000000 0.000000 0.450628 2.000000
63.000000 114.000000 0.000000 0.464573 3.000000
65.000000 107.000000 0.000000 0.589837 3.000000
65.000000 111.000000 0.000000 0.465112 2.000000
65.000000 112.000000 0.000000 0.473647 3.000000
62.000000 114.000000 0.000000 0.440734 2.000000
60.000000 116.000000 0.000000 0.498759 3.000000
58.000000 122.000000 0.000000 0.349167 2.000000
63.000000 37.000000 0.000000 0.000000 0.000000
