64.000000 120.000000 0.000000 0.329303 2.000000
65.000000 136.000000 0.000000 0.775914 3.000000
56.000000 42.000000 0.000000 0.202327 2.000000
56.000000 41.000000 0.000000 0.212536 3.000000
70.000000 42.000000 0.000000 0.206134 2.000000
70.000000 41.000000 0.000000 0.215954 3.000000
58.000000 51.000000 0.000000 0.336158 3.000000
62.000000 106.000000 0.000000 0.570394 2.000000
63.000000 108.000000 0.000000 0.617724 3.000000
62.000000 103.000000 0.000000 0.582149 3.000000
63.000000 95.000000 0.000000 0.540716 2.000000
61.000000 53.000000 0.000000 0.178128 2.000000
67.000000 51.000000 0.000000 0.337279 3.000000
63.000000 91.000000 0.000000 0.563237 3.000000
64.000000 54.000000 0.000000 0.205254 2.000000
63.000000 37.000000 0.000000 0.000000 0.000000
