64.000000 121.000000 0.000000 0.338921 2.000000
65.000000 137.000000 0.000000 0.786982 3.000000
56.000000 42.000000 0.000000 0.202644 2.000000
56.000000 41.000000 0.000000 0.212808 3.000000
70.000000 42.000000 0.000000 0.205688 2.000000
70.000000 41.000000 0.000000 0.215543 3.000000
58.000000 51.000000 0.000000 0.336114 3.000000
62.000000 108.000000 0.000000 0.557775 2.000000
62.000000 104.000000 0.000000 0.605543 3.000000
63.000000 109.000000 0.000000 0.576709 3.000000
63.000000 95.000000 0.000000 0.538066 2.000000
61.000000 53.000000 0.000000 0.177961 2.000000
67.000000 51.000000 0.000000 0.337286 3.000000
63.000000 90.000000 0.000000 0.556347 3.000000
65.000000 117.000000 0.000000 0.444240 2.000000
64.000000 54.000000 0.000000 0.205343 2.000000
64.000000 117.000000 0.000000 0.453358 3.000000
63.000000 37.000000 0.000000 0.000000 0.000000
