65.000000 130.000000 0.000000 0.331629 2.000000
67.000000 147.000000 0.000000 0.769309 3.000000
56.000000 42.000000 0.000000 0.202190 2.000000
56.000000 41.000000 0.000000 0.212547 3.000000
70.000000 42.000000 0.000000 0.207020 2.000000
70.000000 41.000000 0.000000 0.216939 3.000000
58.000000 51.000000 0.000000 0.337495 3.000000
62.000000 110.000000 0.000000 0.557740 2.000000
63.000000 118.000000 0.000000 0.690555 3.000000
62.000000 102.000000 0.000000 0.565127 2.000000
63.000000 99.000000 0.000000 0.594766 3.000000
61.000000 53.000000 0.000000 0.180137 2.000000
67.000000 51.000000 0.000000 0.339232 3.000000
62.000000 104.000000 0.000000 0.580664 3.000000
64.000000 54.000000 0.000000 0.203952 2.000000
63.000000 37.000000 0.000000 0.000000 0.000000
