65.000000 135.000000 0.000000 0.327258 2.000000
67.000000 153.000000 0.000000 0.756442 3.000000
63.000000 111.000000 0.000000 0.601999 2.000000
63.000000 109.000000 0.000000 0.622845 3.000000
56.000000 42.000000 0.000000 0.201943 2.000000
56.000000 41.000000 0.000000 0.212259 3.000000
70.000000 42.000000 0.000000 0.207269 2.000000
70.000000 41.000000 0.000000 0.217154 3.000000
64.000000 124.000000 0.000000 0.597325 2.000000
63.000000 124.000000 0.000000 0.622078 3.000000
58.000000 51.000000 0.000000 0.338552 3.000000
62.000000 112.000000 0.000000 0.615937 3.000000
61.000000 113.000000 0.000000 0.574476 2.000000
64.000000 125.000000 0.000000 0.609378 3.000000
60.000000 118.000000 0.000000 0.509883 2.000000
61.000000 114.000000 0.000000 0.600327 3.000000
61.000000 53.000000 0.000000 0.182486 2.000000
63.000000 100.000000 0.000000 0.553177 2.000000
67.000000 51.000000 0.000000 0.340075 3.000000
63.000000 94.000000 0.000000 0.578213 3.000000
64.000000 54.000000 0.000000 0.203746 2.000000
66.000000 130.000000 0.000000 0.376709 2.000000
65.000000 132.000000 0.000000 0.385429 3.000000
63.000000 37.000000 0.000000 0.000000 0.000000
