66.000000 152.000000 0.000000 0.520778 2.000000
68.000000 164.000000 0.000000 0.762967 3.000000
56.000000 42.000000 0.000000 0.201054 2.000000
56.000000 41.000000 0.000000 0.211541 3.000000
65.000000 141.000000 0.000000 0.684250 3.000000
70.000000 42.000000 0.000000 0.208296 2.000000
70.000000 41.000000 0.000000 0.217988 3.000000
57.000000 123.000000 0.000000 0.285273 2.000000
62.000000 126.000000 0.000000 0.321880 3.000000
58.000000 51.000000 0.000000 0.337672 3.000000
61.000000 53.000000 0.000000 0.181409 2.000000
67.000000 51.000000 0.000000 0.341230 3.000000
64.000000 54.000000 0.000000 0.204406 2.000000
62.000000 116.000000 0.000000 0.477072 2.000000
63.000000 116.000000 0.000000 0.499242 3.000000
59.000000 118.000000 0.000000 0.500942 3.000000
64.000000 116.000000 0.000000 0.475259 2.000000
64.000000 114.000000 0.000000 0.504574 2.000000
64.000000 115.000000 0.000000 0.514250 3.000000
64.000000 102.000000 0.000000 0.566809 2.000000
63.000000 98.000000 0.000000 0.590634 3.000000
64.000000 108.000000 0.000000 0.594008 2.000000
64.000000 106.000000 0.000000 0.612747 3.000000
65.000000 109.000000 0.000000 0.611974 3.000000
63.000000 129.000000 0.000000 0.277562 2.000000
63.000000 37.000000 0.000000 0.000000 0.000000
