66.000000 142.000000 0.000000 0.385054 2.000000
68.000000 158.000000 0.000000 0.772488 3.000000
56.000000 42.000000 0.000000 0.201372 2.000000
56.000000 41.000000 0.000000 0.211889 3.000000
70.000000 42.000000 0.000000 0.207691 2.000000
70.000000 41.000000 0.000000 0.217533 3.000000
58.000000 51.000000 0.000000 0.337456 3.000000
61.000000 53.000000 0.000000 0.180709 2.000000
64.000000 121.000000 0.000000 0.455365 2.000000
63.000000 130.000000 0.000000 0.687211 3.000000
67.000000 51.000000 0.000000 0.340362 3.000000
64.000000 54.000000 0.000000 0.203750 2.000000
62.000000 118.000000 0.000000 0.456669 2.000000
62.000000 117.000000 0.000000 0.481966 3.000000
63.000000 118.000000 0.000000 0.482840 3.000000
63.000000 99.000000 0.000000 0.552611 2.000000
63.000000 95.000000 0.000000 0.578211 3.000000
64.000000 101.000000 0.000000 0.579961 3.000000
64.000000 106.000000 0.000000 0.541872 2.000000
63.000000 109.000000 0.000000 0.557755 2.000000
63.000000 108.000000 0.000000 0.589081 3.000000
62.000000 110.000000 0.000000 0.595437 3.000000
62.000000 116.000000 0.000000 0.449444 2.000000
63.000000 37.000000 0.000000 0.000000 0.000000
