66.000000 130.000000 0.000000 0.321579 2.000000
67.000000 148.000000 0.000000 0.782464 3.000000
62.000000 114.000000 0.000000 0.580144 2.000000
64.000000 120.000000 0.000000 0.645029 3.000000
63.000000 111.000000 0.000000 0.601610 3.000000
56.000000 42.000000 0.000000 0.201674 2.000000
56.000000 41.000000 0.000000 0.211890 3.000000
70.000000 42.000000 0.000000 0.206797 2.000000
70.000000 41.000000 0.000000 0.216551 3.000000
58.000000 51.000000 0.000000 0.335802 3.000000
62.000000 106.000000 0.000000 0.546605 2.000000
63.000000 98.000000 0.000000 0.587973 3.000000
67.000000 51.000000 0.000000 0.337921 3.000000
61.000000 53.000000 0.000000 0.178303 2.000000
64.000000 54.000000 0.000000 0.204855 2.000000
63.000000 37.000000 0.000000 0.000000 0.000000
