61.000000 129.000000 0.000000 0.313949 2.000000
58.000000 147.000000 0.000000 0.770194 3.000000
70.000000 42.000000 0.000000 0.201791 2.000000
70.000000 41.000000 0.000000 0.212080 3.000000
56.000000 42.000000 0.000000 0.206433 2.000000
56.000000 41.000000 0.000000 0.216188 3.000000
62.000000 110.000000 0.000000 0.562873 2.000000
61.000000 119.000000 0.000000 0.681845 3.000000
64.000000 54.000000 0.000000 0.204620 2.000000
67.000000 51.000000 0.000000 0.335974 3.000000
63.000000 107.000000 0.000000 0.583527 3.000000
58.000000 51.000000 0.000000 0.337835 3.000000
63.000000 101.000000 0.000000 0.561233 2.000000
62.000000 98.000000 0.000000 0.583420 3.000000
61.000000 53.000000 0.000000 0.178505 2.000000
63.000000 37.000000 0.000000 0.000000 0.000000
