61.000000 123.000000 0.000000 0.444009 2.000000
62.000000 133.000000 0.000000 0.689739 3.000000
59.000000 145.000000 0.000000 0.420621 2.000000
57.000000 160.000000 0.000000 0.759922 3.000000
70.000000 42.000000 0.000000 0.201340 2.000000
70.000000 41.000000 0.000000 0.211806 3.000000
56.000000 42.000000 0.000000 0.207686 2.000000
56.000000 41.000000 0.000000 0.217567 3.000000
64.000000 54.000000 0.000000 0.203780 2.000000
67.000000 51.000000 0.000000 0.337778 3.000000
58.000000 51.000000 0.000000 0.340392 3.000000
61.000000 109.000000 0.000000 0.512467 2.000000
61.000000 103.000000 0.000000 0.596767 3.000000
61.000000 53.000000 0.000000 0.181251 2.000000
64.000000 120.000000 0.000000 0.453718 2.000000
62.000000 122.000000 0.000000 0.464587 3.000000
64.000000 114.000000 0.000000 0.543988 2.000000
64.000000 113.000000 0.000000 0.583180 3.000000
65.000000 114.000000 0.000000 0.566690 3.000000
63.000000 37.000000 0.000000 0.000000 0.000000
