60.000000 126.000000 0.000000 0.336470 2.000000
59.000000 143.000000 0.000000 0.768556 3.000000
62.000000 116.000000 0.000000 0.638861 2.000000
61.000000 117.000000 0.000000 0.650963 3.000000
70.000000 42.000000 0.000000 0.202178 2.000000
70.000000 41.000000 0.000000 0.212389 3.000000
62.000000 115.000000 0.000000 0.648343 3.000000
56.000000 42.000000 0.000000 0.206302 2.000000
56.000000 41.000000 0.000000 0.216089 3.000000
62.000000 98.000000 0.000000 0.552955 2.000000
62.000000 95.000000 0.000000 0.576280 3.000000
64.000000 54.000000 0.000000 0.204669 2.000000
67.000000 51.000000 0.000000 0.336233 3.000000
63.000000 107.000000 0.000000 0.558497 2.000000
63.000000 104.000000 0.000000 0.572248 3.000000
58.000000 51.000000 0.000000 0.337553 3.000000
61.000000 53.000000 0.000000 0.178463 2.000000
63.000000 37.000000 0.000000 0.000000 0.000000
