42.000000 6.000000 0.000000 1.076490 2.000000
25.000000 20.000000 0.000000 1.419670 3.000000
387.000000 49.000000 0.000000 1.065600 2.000000
399.000000 38.000000 0.000000 1.122690 3.000000
32.000000 31.000000 0.000000 1.259870 2.000000
39.000000 30.000000 0.000000 1.387530 3.000000
52.000000 18.000000 0.000000 1.358290 3.000000
374.000000 0.000000 0.000000 1.061910 2.000000
387.000000 11.000000 0.000000 1.131380 3.000000
25.000000 29.000000 0.000000 1.324670 3.000000
50.000000 49.000000 0.000000 1.033090 2.000000
59.000000 25.000000 0.000000 1.034980 2.000000
374.000000 38.000000 0.000000 1.136380 3.000000
67.000000 33.000000 0.000000 1.289040 3.000000
109.000000 49.000000 0.000000 1.025940 2.000000
94.000000 32.000000 0.000000 1.258300 3.000000
359.000000 49.000000 0.000000 1.060230 2.000000
96.000000 0.000000 0.000000 1.020310 2.000000
80.000000 18.000000 0.000000 1.255620 3.000000
360.000000 11.000000 0.000000 1.139450 3.000000
68.000000 0.000000 0.000000 1.014030 2.000000
124.000000 0.000000 0.000000 1.029660 2.000000
108.000000 16.000000 0.000000 1.240910 3.000000
137.000000 49.000000 0.000000 1.032040 2.000000
122.000000 33.000000 0.000000 1.225660 3.000000
346.000000 0.000000 0.000000 1.057680 2.000000
346.000000 37.000000 0.000000 1.145720 3.000000
150.000000 0.000000 0.000000 1.032920 2.000000
136.000000 15.000000 0.000000 1.213470 3.000000
333.000000 49.000000 0.000000 1.056550 2.000000
332.000000 12.000000 0.000000 1.148470 3.000000
318.000000 0.000000 0.000000 1.053180 2.000000
165.000000 49.000000 0.000000 1.033870 2.000000
150.000000 35.000000 0.000000 1.205180 3.000000
318.000000 37.000000 0.000000 1.154630 3.000000
178.000000 0.000000 0.000000 1.034070 2.000000
164.000000 14.000000 0.000000 1.196430 3.000000
193.000000 49.000000 0.000000 1.035750 2.000000
178.000000 36.000000 0.000000 1.192070 3.000000
305.000000 49.000000 0.000000 1.051630 2.000000
304.000000 12.000000 0.000000 1.157730 3.000000
206.000000 0.000000 0.000000 1.035920 2.000000
192.000000 13.000000 0.000000 1.188000 3.000000
221.000000 49.000000 0.000000 1.038530 2.000000
206.000000 36.000000 0.000000 1.185470 3.000000
290.000000 0.000000 0.000000 1.049230 2.000000
290.000000 37.000000 0.000000 1.163470 3.000000
234.000000 0.000000 0.000000 1.040310 2.000000
220.000000 13.000000 0.000000 1.179900 3.000000
249.000000 49.000000 0.000000 1.042880 2.000000
234.000000 36.000000 0.000000 1.176490 3.000000
262.000000 0.000000 0.000000 1.044600 2.000000
248.000000 12.000000 0.000000 1.172200 3.000000
277.000000 49.000000 0.000000 1.047920 2.000000
262.000000 37.000000 0.000000 1.170250 3.000000
276.000000 12.000000 0.000000 1.165650 3.000000
81.000000 49.000000 0.000000 1.013360 2.000000
23.000000 23.000000 0.000000 0.000000 0.000000
