38.000000 43.000000 0.000000 1.088970 2.000000
25.000000 29.000000 0.000000 1.423230 3.000000
50.000000 0.000000 0.000000 1.034240 2.000000
37.000000 19.000000 0.000000 1.394650 3.000000
49.000000 31.000000 0.000000 1.367820 3.000000
384.000000 0.000000 0.000000 1.061020 2.000000
399.000000 11.000000 0.000000 1.127590 3.000000
64.000000 16.000000 0.000000 1.299250 3.000000
371.000000 49.000000 0.000000 1.059440 2.000000
385.000000 37.000000 0.000000 1.130680 3.000000
57.000000 23.000000 0.000000 1.029170 2.000000
108.000000 0.000000 0.000000 1.025970 2.000000
92.000000 17.000000 0.000000 1.257180 3.000000
371.000000 11.000000 0.000000 1.135040 3.000000
93.000000 49.000000 0.000000 1.019140 2.000000
77.000000 31.000000 0.000000 1.254450 3.000000
358.000000 0.000000 0.000000 1.058040 2.000000
121.000000 49.000000 0.000000 1.029200 2.000000
106.000000 33.000000 0.000000 1.243630 3.000000
63.000000 49.000000 0.000000 1.014500 2.000000
357.000000 37.000000 0.000000 1.141540 3.000000
134.000000 0.000000 0.000000 1.030580 2.000000
120.000000 16.000000 0.000000 1.228160 3.000000
149.000000 49.000000 0.000000 1.032920 2.000000
134.000000 34.000000 0.000000 1.216700 3.000000
343.000000 49.000000 0.000000 1.056730 2.000000
343.000000 12.000000 0.000000 1.145020 3.000000
162.000000 0.000000 0.000000 1.033720 2.000000
148.000000 14.000000 0.000000 1.206190 3.000000
330.000000 0.000000 0.000000 1.055830 2.000000
329.000000 37.000000 0.000000 1.150950 3.000000
175.000000 49.000000 0.000000 1.034450 2.000000
162.000000 35.000000 0.000000 1.200040 3.000000
190.000000 0.000000 0.000000 1.034780 2.000000
176.000000 13.000000 0.000000 1.192870 3.000000
203.000000 49.000000 0.000000 1.036730 2.000000
190.000000 36.000000 0.000000 1.190270 3.000000
315.000000 49.000000 0.000000 1.054940 2.000000
315.000000 12.000000 0.000000 1.153890 3.000000
218.000000 0.000000 0.000000 1.038240 2.000000
204.000000 13.000000 0.000000 1.184990 3.000000
302.000000 0.000000 0.000000 1.051410 2.000000
302.000000 37.000000 0.000000 1.159830 3.000000
231.000000 49.000000 0.000000 1.041290 2.000000
218.000000 36.000000 0.000000 1.182970 3.000000
246.000000 0.000000 0.000000 1.042140 2.000000
232.000000 12.000000 0.000000 1.176710 3.000000
287.000000 49.000000 0.000000 1.050030 2.000000
259.000000 49.000000 0.000000 1.045520 2.000000
246.000000 36.000000 0.000000 1.174460 3.000000
288.000000 12.000000 0.000000 1.163100 3.000000
274.000000 0.000000 0.000000 1.047330 2.000000
260.000000 12.000000 0.000000 1.170210 3.000000
274.000000 37.000000 0.000000 1.167640 3.000000
78.000000 0.000000 0.000000 1.011940 2.000000
23.000000 23.000000 0.000000 0.000000 0.000000
