44.000000 49.000000 0.000000 1.052050 2.000000
33.000000 30.000000 0.000000 1.407150 3.000000
36.000000 12.000000 0.000000 1.136830 2.000000
25.000000 20.000000 0.000000 1.376360 3.000000
33.000000 22.000000 0.000000 0.399933 2.000000
33.000000 23.000000 0.000000 0.496701 3.000000
365.000000 0.000000 0.000000 1.059730 2.000000
379.000000 11.000000 0.000000 1.132060 3.000000
45.000000 19.000000 0.000000 1.367730 3.000000
380.000000 49.000000 0.000000 1.062640 2.000000
394.000000 38.000000 0.000000 1.132650 3.000000
56.000000 0.000000 0.000000 1.020580 2.000000
58.000000 32.000000 0.000000 1.330610 3.000000
366.000000 37.000000 0.000000 1.138610 3.000000
64.000000 24.000000 0.000000 1.025090 2.000000
103.000000 49.000000 0.000000 1.023190 2.000000
86.000000 32.000000 0.000000 1.260190 3.000000
352.000000 49.000000 0.000000 1.058650 2.000000
74.000000 16.000000 0.000000 1.257810 3.000000
352.000000 11.000000 0.000000 1.141710 3.000000
116.000000 0.000000 0.000000 1.027840 2.000000
100.000000 17.000000 0.000000 1.250190 3.000000
88.000000 0.000000 0.000000 1.016610 2.000000
129.000000 49.000000 0.000000 1.030500 2.000000
114.000000 33.000000 0.000000 1.235740 3.000000
337.000000 0.000000 0.000000 1.056570 2.000000
143.000000 0.000000 0.000000 1.031830 2.000000
128.000000 15.000000 0.000000 1.219990 3.000000
338.000000 37.000000 0.000000 1.148250 3.000000
156.000000 49.000000 0.000000 1.033180 2.000000
142.000000 34.000000 0.000000 1.209490 3.000000
324.000000 49.000000 0.000000 1.054480 2.000000
169.000000 0.000000 0.000000 1.033870 2.000000
156.000000 14.000000 0.000000 1.201160 3.000000
324.000000 12.000000 0.000000 1.151310 3.000000
184.000000 49.000000 0.000000 1.034020 2.000000
170.000000 35.000000 0.000000 1.195340 3.000000
197.000000 0.000000 0.000000 1.036000 2.000000
184.000000 13.000000 0.000000 1.189880 3.000000
311.000000 0.000000 0.000000 1.052930 2.000000
212.000000 49.000000 0.000000 1.037360 2.000000
198.000000 36.000000 0.000000 1.187920 3.000000
227.000000 0.000000 0.000000 1.039370 2.000000
212.000000 13.000000 0.000000 1.183160 3.000000
310.000000 37.000000 0.000000 1.157190 3.000000
296.000000 49.000000 0.000000 1.051230 2.000000
240.000000 49.000000 0.000000 1.041150 2.000000
226.000000 36.000000 0.000000 1.180250 3.000000
296.000000 12.000000 0.000000 1.159870 3.000000
255.000000 0.000000 0.000000 1.043870 2.000000
240.000000 13.000000 0.000000 1.174240 3.000000
268.000000 49.000000 0.000000 1.046090 2.000000
254.000000 37.000000 0.000000 1.171760 3.000000
283.000000 0.000000 0.000000 1.048170 2.000000
268.000000 12.000000 0.000000 1.168220 3.000000
282.000000 37.000000 0.000000 1.165980 3.000000
72.000000 49.000000 0.000000 1.011380 2.000000
23.000000 23.000000 0.000000 0.000000 0.000000
