25.000000 19.000000 0.000000 1.350710 2.000000
32.000000 19.000000 0.000000 1.405310 3.000000
25.000000 20.000000 0.000000 1.379890 3.000000
34.000000 34.000000 0.000000 1.149730 2.000000
43.000000 30.000000 0.000000 1.368210 3.000000
44.000000 0.000000 0.000000 1.055020 2.000000
32.000000 24.000000 0.000000 0.369594 2.000000
32.000000 25.000000 0.000000 0.452808 3.000000
377.000000 0.000000 0.000000 1.062910 2.000000
392.000000 11.000000 0.000000 1.132940 3.000000
25.000000 29.000000 0.000000 1.365470 3.000000
56.000000 49.000000 0.000000 1.020320 2.000000
57.000000 17.000000 0.000000 1.340820 3.000000
365.000000 49.000000 0.000000 1.059870 2.000000
378.000000 37.000000 0.000000 1.134750 3.000000
63.000000 25.000000 0.000000 1.027950 2.000000
72.000000 33.000000 0.000000 1.262970 3.000000
100.000000 0.000000 0.000000 1.023390 2.000000
85.000000 17.000000 0.000000 1.258550 3.000000
364.000000 11.000000 0.000000 1.138400 3.000000
87.000000 49.000000 0.000000 1.016450 2.000000
350.000000 0.000000 0.000000 1.058180 2.000000
115.000000 49.000000 0.000000 1.028160 2.000000
99.000000 32.000000 0.000000 1.254330 3.000000
350.000000 37.000000 0.000000 1.143770 3.000000
128.000000 0.000000 0.000000 1.030320 2.000000
113.000000 16.000000 0.000000 1.237030 3.000000
141.000000 49.000000 0.000000 1.032080 2.000000
127.000000 34.000000 0.000000 1.222270 3.000000
337.000000 49.000000 0.000000 1.055740 2.000000
336.000000 12.000000 0.000000 1.146920 3.000000
156.000000 0.000000 0.000000 1.033170 2.000000
141.000000 15.000000 0.000000 1.210200 3.000000
168.000000 49.000000 0.000000 1.033850 2.000000
155.000000 35.000000 0.000000 1.203370 3.000000
324.000000 0.000000 0.000000 1.054400 2.000000
323.000000 37.000000 0.000000 1.152320 3.000000
183.000000 0.000000 0.000000 1.034520 2.000000
169.000000 14.000000 0.000000 1.194920 3.000000
309.000000 49.000000 0.000000 1.052960 2.000000
196.000000 49.000000 0.000000 1.035610 2.000000
183.000000 36.000000 0.000000 1.191590 3.000000
309.000000 12.000000 0.000000 1.155070 3.000000
212.000000 0.000000 0.000000 1.036950 2.000000
197.000000 13.000000 0.000000 1.186570 3.000000
296.000000 0.000000 0.000000 1.049340 2.000000
225.000000 49.000000 0.000000 1.039290 2.000000
211.000000 36.000000 0.000000 1.184470 3.000000
240.000000 0.000000 0.000000 1.040240 2.000000
225.000000 13.000000 0.000000 1.178370 3.000000
295.000000 37.000000 0.000000 1.161270 3.000000
253.000000 49.000000 0.000000 1.043080 2.000000
239.000000 36.000000 0.000000 1.175740 3.000000
281.000000 49.000000 0.000000 1.047760 2.000000
268.000000 0.000000 0.000000 1.044980 2.000000
253.000000 12.000000 0.000000 1.170820 3.000000
281.000000 12.000000 0.000000 1.164390 3.000000
267.000000 37.000000 0.000000 1.168240 3.000000
72.000000 0.000000 0.000000 1.011130 2.000000
23.000000 23.000000 0.000000 0.000000 0.000000
