44.000000 0.000000 0.000000 1.051970 2.000000
33.000000 19.000000 0.000000 1.407530 3.000000
36.000000 36.000000 0.000000 1.136340 2.000000
45.000000 30.000000 0.000000 1.370410 3.000000
25.000000 29.000000 0.000000 1.380830 3.000000
33.000000 27.000000 0.000000 0.404585 2.000000
33.000000 26.000000 0.000000 0.499682 3.000000
380.000000 0.000000 0.000000 1.065100 2.000000
394.000000 11.000000 0.000000 1.134670 3.000000
58.000000 17.000000 0.000000 1.327210 3.000000
57.000000 49.000000 0.000000 1.021180 2.000000
365.000000 49.000000 0.000000 1.061230 2.000000
380.000000 38.000000 0.000000 1.135800 3.000000
65.000000 25.000000 0.000000 1.025630 2.000000
74.000000 33.000000 0.000000 1.259530 3.000000
103.000000 0.000000 0.000000 1.023290 2.000000
86.000000 17.000000 0.000000 1.258730 3.000000
366.000000 11.000000 0.000000 1.138360 3.000000
116.000000 49.000000 0.000000 1.028080 2.000000
100.000000 32.000000 0.000000 1.252190 3.000000
88.000000 49.000000 0.000000 1.016570 2.000000
352.000000 0.000000 0.000000 1.058860 2.000000
352.000000 37.000000 0.000000 1.143560 3.000000
130.000000 0.000000 0.000000 1.030210 2.000000
114.000000 16.000000 0.000000 1.234640 3.000000
143.000000 49.000000 0.000000 1.032160 2.000000
128.000000 34.000000 0.000000 1.220670 3.000000
156.000000 0.000000 0.000000 1.032780 2.000000
142.000000 14.000000 0.000000 1.207930 3.000000
339.000000 49.000000 0.000000 1.057250 2.000000
338.000000 12.000000 0.000000 1.146240 3.000000
169.000000 49.000000 0.000000 1.033820 2.000000
156.000000 35.000000 0.000000 1.201750 3.000000
184.000000 0.000000 0.000000 1.033550 2.000000
170.000000 14.000000 0.000000 1.193200 3.000000
199.000000 49.000000 0.000000 1.035930 2.000000
184.000000 36.000000 0.000000 1.190540 3.000000
324.000000 0.000000 0.000000 1.053890 2.000000
324.000000 37.000000 0.000000 1.152270 3.000000
212.000000 0.000000 0.000000 1.035960 2.000000
198.000000 13.000000 0.000000 1.186330 3.000000
227.000000 49.000000 0.000000 1.039060 2.000000
212.000000 36.000000 0.000000 1.183720 3.000000
240.000000 0.000000 0.000000 1.040350 2.000000
226.000000 13.000000 0.000000 1.177650 3.000000
255.000000 49.000000 0.000000 1.043160 2.000000
240.000000 36.000000 0.000000 1.174430 3.000000
311.000000 49.000000 0.000000 1.052160 2.000000
268.000000 0.000000 0.000000 1.044720 2.000000
254.000000 12.000000 0.000000 1.170380 3.000000
310.000000 12.000000 0.000000 1.155300 3.000000
283.000000 49.000000 0.000000 1.048260 2.000000
268.000000 37.000000 0.000000 1.168180 3.000000
296.000000 0.000000 0.000000 1.049670 2.000000
282.000000 12.000000 0.000000 1.163490 3.000000
296.000000 37.000000 0.000000 1.160790 3.000000
72.000000 0.000000 0.000000 1.011990 2.000000
23.000000 23.000000 0.000000 0.000000 0.000000
