37.000000 12.000000 0.000000 1.110690 2.000000
25.000000 20.000000 0.000000 1.398400 3.000000
46.000000 18.000000 0.000000 1.367410 3.000000
34.000000 22.000000 0.000000 0.516233 2.000000
34.000000 24.000000 0.000000 0.559610 3.000000
50.000000 49.000000 0.000000 1.045730 2.000000
35.000000 30.000000 0.000000 1.406050 3.000000
381.000000 49.000000 0.000000 1.062310 2.000000
396.000000 38.000000 0.000000 1.131530 3.000000
61.000000 32.000000 0.000000 1.320870 3.000000
54.000000 26.000000 0.000000 1.020120 2.000000
368.000000 0.000000 0.000000 1.058820 2.000000
382.000000 11.000000 0.000000 1.131660 3.000000
103.000000 49.000000 0.000000 1.023390 2.000000
88.000000 32.000000 0.000000 1.259700 3.000000
67.000000 25.000000 0.000000 1.019270 2.000000
75.000000 17.000000 0.000000 1.250570 3.000000
118.000000 0.000000 0.000000 1.028670 2.000000
102.000000 17.000000 0.000000 1.247300 3.000000
131.000000 49.000000 0.000000 1.030720 2.000000
116.000000 33.000000 0.000000 1.232850 3.000000
90.000000 0.000000 0.000000 1.015750 2.000000
367.000000 37.000000 0.000000 1.138010 3.000000
146.000000 0.000000 0.000000 1.032080 2.000000
130.000000 15.000000 0.000000 1.217880 3.000000
159.000000 49.000000 0.000000 1.033180 2.000000
144.000000 35.000000 0.000000 1.207270 3.000000
171.000000 0.000000 0.000000 1.033870 2.000000
158.000000 14.000000 0.000000 1.199750 3.000000
187.000000 49.000000 0.000000 1.034690 2.000000
172.000000 35.000000 0.000000 1.193860 3.000000
200.000000 0.000000 0.000000 1.035770 2.000000
186.000000 13.000000 0.000000 1.189230 3.000000
355.000000 49.000000 0.000000 1.058070 2.000000
353.000000 12.000000 0.000000 1.141130 3.000000
215.000000 49.000000 0.000000 1.037600 2.000000
200.000000 36.000000 0.000000 1.186780 3.000000
228.000000 0.000000 0.000000 1.039740 2.000000
214.000000 13.000000 0.000000 1.181460 3.000000
243.000000 49.000000 0.000000 1.041940 2.000000
228.000000 36.000000 0.000000 1.179100 3.000000
256.000000 0.000000 0.000000 1.043710 2.000000
242.000000 12.000000 0.000000 1.173370 3.000000
340.000000 0.000000 0.000000 1.056900 2.000000
340.000000 37.000000 0.000000 1.147270 3.000000
271.000000 49.000000 0.000000 1.046090 2.000000
256.000000 37.000000 0.000000 1.171510 3.000000
284.000000 0.000000 0.000000 1.048570 2.000000
270.000000 12.000000 0.000000 1.167370 3.000000
299.000000 49.000000 0.000000 1.050930 2.000000
284.000000 37.000000 0.000000 1.164760 3.000000
312.000000 0.000000 0.000000 1.052950 2.000000
298.000000 12.000000 0.000000 1.159550 3.000000
327.000000 49.000000 0.000000 1.056120 2.000000
312.000000 37.000000 0.000000 1.156700 3.000000
326.000000 12.000000 0.000000 1.150240 3.000000
75.000000 49.000000 0.000000 1.012330 2.000000
23.000000 23.000000 0.000000 0.000000 0.000000
