44.000000 49.000000 0.000000 1.051430 2.000000
33.000000 30.000000 0.000000 1.406470 3.000000
37.000000 12.000000 0.000000 1.130130 2.000000
25.000000 20.000000 0.000000 1.382850 3.000000
33.000000 22.000000 0.000000 0.429756 2.000000
33.000000 24.000000 0.000000 0.514289 3.000000
380.000000 49.000000 0.000000 1.063010 2.000000
394.000000 38.000000 0.000000 1.132970 3.000000
45.000000 19.000000 0.000000 1.367670 3.000000
57.000000 0.000000 0.000000 1.021710 2.000000
365.000000 0.000000 0.000000 1.059410 2.000000
380.000000 11.000000 0.000000 1.133170 3.000000
59.000000 32.000000 0.000000 1.330460 3.000000
366.000000 37.000000 0.000000 1.139200 3.000000
66.000000 24.000000 0.000000 1.024540 2.000000
103.000000 49.000000 0.000000 1.023840 2.000000
87.000000 32.000000 0.000000 1.258100 3.000000
74.000000 16.000000 0.000000 1.256510 3.000000
352.000000 49.000000 0.000000 1.057600 2.000000
352.000000 12.000000 0.000000 1.141670 3.000000
116.000000 0.000000 0.000000 1.028630 2.000000
101.000000 17.000000 0.000000 1.248860 3.000000
88.000000 0.000000 0.000000 1.016910 2.000000
131.000000 49.000000 0.000000 1.030920 2.000000
115.000000 33.000000 0.000000 1.234680 3.000000
339.000000 0.000000 0.000000 1.056610 2.000000
338.000000 37.000000 0.000000 1.147410 3.000000
143.000000 0.000000 0.000000 1.032230 2.000000
129.000000 15.000000 0.000000 1.219040 3.000000
156.000000 49.000000 0.000000 1.033560 2.000000
143.000000 34.000000 0.000000 1.208640 3.000000
324.000000 49.000000 0.000000 1.055730 2.000000
324.000000 12.000000 0.000000 1.150370 3.000000
171.000000 0.000000 0.000000 1.034020 2.000000
157.000000 14.000000 0.000000 1.200990 3.000000
184.000000 49.000000 0.000000 1.034300 2.000000
171.000000 35.000000 0.000000 1.194930 3.000000
312.000000 0.000000 0.000000 1.052250 2.000000
310.000000 37.000000 0.000000 1.156360 3.000000
199.000000 0.000000 0.000000 1.035530 2.000000
185.000000 13.000000 0.000000 1.189970 3.000000
212.000000 49.000000 0.000000 1.037290 2.000000
199.000000 36.000000 0.000000 1.187490 3.000000
296.000000 49.000000 0.000000 1.050320 2.000000
297.000000 12.000000 0.000000 1.159080 3.000000
227.000000 0.000000 0.000000 1.039290 2.000000
213.000000 13.000000 0.000000 1.181880 3.000000
240.000000 49.000000 0.000000 1.041470 2.000000
227.000000 36.000000 0.000000 1.179450 3.000000
255.000000 0.000000 0.000000 1.042780 2.000000
241.000000 12.000000 0.000000 1.173460 3.000000
284.000000 0.000000 0.000000 1.047720 2.000000
268.000000 49.000000 0.000000 1.045540 2.000000
255.000000 37.000000 0.000000 1.171350 3.000000
283.000000 37.000000 0.000000 1.164420 3.000000
269.000000 12.000000 0.000000 1.166990 3.000000
75.000000 49.000000 0.000000 1.012530 2.000000
23.000000 23.000000 0.000000 0.000000 0.000000
