38.000000 6.000000 0.000000 1.080800 2.000000
25.000000 20.000000 0.000000 1.422240 3.000000
31.000000 31.000000 0.000000 1.274530 2.000000
39.000000 30.000000 0.000000 1.389270 3.000000
386.000000 49.000000 0.000000 1.066880 2.000000
399.000000 38.000000 0.000000 1.129010 3.000000
51.000000 18.000000 0.000000 1.358900 3.000000
25.000000 29.000000 0.000000 1.322630 3.000000
50.000000 49.000000 0.000000 1.032990 2.000000
374.000000 0.000000 0.000000 1.062750 2.000000
387.000000 11.000000 0.000000 1.132710 3.000000
59.000000 25.000000 0.000000 1.032150 2.000000
373.000000 37.000000 0.000000 1.137340 3.000000
359.000000 49.000000 0.000000 1.060160 2.000000
359.000000 11.000000 0.000000 1.139790 3.000000
67.000000 32.000000 0.000000 1.290870 3.000000
346.000000 0.000000 0.000000 1.057640 2.000000
109.000000 49.000000 0.000000 1.025910 2.000000
93.000000 32.000000 0.000000 1.258370 3.000000
345.000000 37.000000 0.000000 1.145740 3.000000
68.000000 0.000000 0.000000 1.015900 2.000000
96.000000 0.000000 0.000000 1.020430 2.000000
79.000000 18.000000 0.000000 1.255440 3.000000
124.000000 0.000000 0.000000 1.029360 2.000000
107.000000 16.000000 0.000000 1.240720 3.000000
331.000000 49.000000 0.000000 1.056360 2.000000
331.000000 12.000000 0.000000 1.148470 3.000000
318.000000 0.000000 0.000000 1.052730 2.000000
317.000000 37.000000 0.000000 1.154380 3.000000
303.000000 49.000000 0.000000 1.051500 2.000000
137.000000 49.000000 0.000000 1.031950 2.000000
122.000000 33.000000 0.000000 1.226610 3.000000
150.000000 0.000000 0.000000 1.032730 2.000000
136.000000 15.000000 0.000000 1.213930 3.000000
303.000000 12.000000 0.000000 1.157510 3.000000
290.000000 0.000000 0.000000 1.048660 2.000000
289.000000 37.000000 0.000000 1.162960 3.000000
277.000000 49.000000 0.000000 1.047540 2.000000
162.000000 49.000000 0.000000 1.033830 2.000000
150.000000 35.000000 0.000000 1.205710 3.000000
177.000000 0.000000 0.000000 1.034170 2.000000
164.000000 14.000000 0.000000 1.196980 3.000000
275.000000 12.000000 0.000000 1.165190 3.000000
262.000000 0.000000 0.000000 1.043930 2.000000
262.000000 37.000000 0.000000 1.169830 3.000000
190.000000 49.000000 0.000000 1.035460 2.000000
178.000000 36.000000 0.000000 1.192570 3.000000
206.000000 0.000000 0.000000 1.035660 2.000000
192.000000 13.000000 0.000000 1.188080 3.000000
249.000000 49.000000 0.000000 1.042950 2.000000
248.000000 12.000000 0.000000 1.171990 3.000000
234.000000 0.000000 0.000000 1.039880 2.000000
234.000000 36.000000 0.000000 1.176140 3.000000
219.000000 49.000000 0.000000 1.038530 2.000000
206.000000 36.000000 0.000000 1.185470 3.000000
220.000000 13.000000 0.000000 1.179800 3.000000
81.000000 49.000000 0.000000 1.013490 2.000000
23.000000 23.000000 0.000000 0.000000 0.000000
