38.000000 6.000000 0.000000 1.084720 2.000000
25.000000 20.000000 0.000000 1.421750 3.000000
29.000000 31.000000 0.000000 1.282930 2.000000
38.000000 30.000000 0.000000 1.391980 3.000000
386.000000 49.000000 0.000000 1.062400 2.000000
399.000000 38.000000 0.000000 1.128250 3.000000
50.000000 18.000000 0.000000 1.360570 3.000000
371.000000 0.000000 0.000000 1.059700 2.000000
386.000000 11.000000 0.000000 1.131350 3.000000
25.000000 29.000000 0.000000 1.321340 3.000000
50.000000 49.000000 0.000000 1.033550 2.000000
58.000000 26.000000 0.000000 1.032130 2.000000
372.000000 37.000000 0.000000 1.136380 3.000000
66.000000 32.000000 0.000000 1.294190 3.000000
109.000000 49.000000 0.000000 1.025730 2.000000
93.000000 32.000000 0.000000 1.256560 3.000000
358.000000 49.000000 0.000000 1.057990 2.000000
358.000000 12.000000 0.000000 1.139710 3.000000
63.000000 0.000000 0.000000 1.015750 2.000000
94.000000 0.000000 0.000000 1.019480 2.000000
78.000000 18.000000 0.000000 1.253890 3.000000
346.000000 0.000000 0.000000 1.057540 2.000000
122.000000 0.000000 0.000000 1.029500 2.000000
107.000000 16.000000 0.000000 1.241010 3.000000
344.000000 37.000000 0.000000 1.145520 3.000000
137.000000 49.000000 0.000000 1.031480 2.000000
121.000000 33.000000 0.000000 1.227340 3.000000
331.000000 49.000000 0.000000 1.056730 2.000000
330.000000 12.000000 0.000000 1.148630 3.000000
149.000000 0.000000 0.000000 1.032920 2.000000
135.000000 15.000000 0.000000 1.214640 3.000000
162.000000 49.000000 0.000000 1.034030 2.000000
149.000000 35.000000 0.000000 1.205860 3.000000
318.000000 0.000000 0.000000 1.053440 2.000000
316.000000 37.000000 0.000000 1.154890 3.000000
177.000000 0.000000 0.000000 1.034710 2.000000
163.000000 14.000000 0.000000 1.198310 3.000000
190.000000 49.000000 0.000000 1.034870 2.000000
177.000000 36.000000 0.000000 1.193330 3.000000
303.000000 49.000000 0.000000 1.051790 2.000000
205.000000 0.000000 0.000000 1.036450 2.000000
191.000000 13.000000 0.000000 1.188830 3.000000
218.000000 49.000000 0.000000 1.038570 2.000000
205.000000 36.000000 0.000000 1.186300 3.000000
302.000000 12.000000 0.000000 1.157740 3.000000
233.000000 0.000000 0.000000 1.040650 2.000000
219.000000 13.000000 0.000000 1.180610 3.000000
246.000000 49.000000 0.000000 1.043130 2.000000
233.000000 36.000000 0.000000 1.178250 3.000000
290.000000 0.000000 0.000000 1.049150 2.000000
289.000000 37.000000 0.000000 1.163320 3.000000
262.000000 0.000000 0.000000 1.044260 2.000000
247.000000 12.000000 0.000000 1.172740 3.000000
275.000000 49.000000 0.000000 1.047230 2.000000
261.000000 37.000000 0.000000 1.170850 3.000000
275.000000 12.000000 0.000000 1.166220 3.000000
81.000000 49.000000 0.000000 1.013550 2.000000
23.000000 23.000000 0.000000 0.000000 0.000000
