38.000000 43.000000 0.000000 1.083260 2.000000
25.000000 29.000000 0.000000 1.425490 3.000000
31.000000 18.000000 0.000000 1.280380 2.000000
38.000000 19.000000 0.000000 1.389700 3.000000
51.000000 31.000000 0.000000 1.366530 3.000000
386.000000 0.000000 0.000000 1.063240 2.000000
399.000000 11.000000 0.000000 1.126950 3.000000
25.000000 20.000000 0.000000 1.318940 3.000000
50.000000 0.000000 0.000000 1.032750 2.000000
58.000000 24.000000 0.000000 1.035490 2.000000
66.000000 17.000000 0.000000 1.292490 3.000000
371.000000 49.000000 0.000000 1.061460 2.000000
386.000000 38.000000 0.000000 1.132340 3.000000
109.000000 0.000000 0.000000 1.025410 2.000000
93.000000 17.000000 0.000000 1.257330 3.000000
372.000000 11.000000 0.000000 1.134670 3.000000
95.000000 49.000000 0.000000 1.019960 2.000000
79.000000 31.000000 0.000000 1.255980 3.000000
359.000000 0.000000 0.000000 1.059150 2.000000
122.000000 49.000000 0.000000 1.029300 2.000000
107.000000 33.000000 0.000000 1.243140 3.000000
63.000000 49.000000 0.000000 1.016200 2.000000
358.000000 37.000000 0.000000 1.140980 3.000000
346.000000 49.000000 0.000000 1.058060 2.000000
137.000000 0.000000 0.000000 1.031400 2.000000
121.000000 16.000000 0.000000 1.226640 3.000000
345.000000 11.000000 0.000000 1.143900 3.000000
150.000000 49.000000 0.000000 1.033230 2.000000
135.000000 34.000000 0.000000 1.216140 3.000000
162.000000 0.000000 0.000000 1.033680 2.000000
149.000000 14.000000 0.000000 1.205510 3.000000
177.000000 49.000000 0.000000 1.034560 2.000000
163.000000 35.000000 0.000000 1.199410 3.000000
331.000000 0.000000 0.000000 1.055390 2.000000
331.000000 37.000000 0.000000 1.150450 3.000000
190.000000 0.000000 0.000000 1.034850 2.000000
177.000000 13.000000 0.000000 1.192140 3.000000
205.000000 49.000000 0.000000 1.037050 2.000000
191.000000 36.000000 0.000000 1.189900 3.000000
318.000000 49.000000 0.000000 1.053490 2.000000
218.000000 0.000000 0.000000 1.038190 2.000000
205.000000 13.000000 0.000000 1.185280 3.000000
234.000000 49.000000 0.000000 1.040460 2.000000
219.000000 36.000000 0.000000 1.182670 3.000000
317.000000 12.000000 0.000000 1.153610 3.000000
303.000000 0.000000 0.000000 1.051770 2.000000
303.000000 37.000000 0.000000 1.159560 3.000000
247.000000 0.000000 0.000000 1.042920 2.000000
233.000000 13.000000 0.000000 1.176490 3.000000
262.000000 49.000000 0.000000 1.045010 2.000000
247.000000 36.000000 0.000000 1.173490 3.000000
275.000000 0.000000 0.000000 1.047250 2.000000
261.000000 12.000000 0.000000 1.170120 3.000000
290.000000 49.000000 0.000000 1.050010 2.000000
289.000000 12.000000 0.000000 1.162290 3.000000
275.000000 37.000000 0.000000 1.167800 3.000000
81.000000 0.000000 0.000000 1.013580 2.000000
23.000000 23.000000 0.000000 0.000000 0.000000
