44.000000 49.000000 0.000000 1.053540 2.000000
33.000000 30.000000 0.000000 1.405990 3.000000
32.000000 26.000000 0.000000 0.375939 2.000000
33.000000 23.000000 0.000000 0.470813 3.000000
378.000000 49.000000 0.000000 1.061730 2.000000
393.000000 38.000000 0.000000 1.130540 3.000000
365.000000 0.000000 0.000000 1.059040 2.000000
379.000000 11.000000 0.000000 1.131520 3.000000
34.000000 13.000000 0.000000 1.143830 2.000000
44.000000 19.000000 0.000000 1.369900 3.000000
25.000000 20.000000 0.000000 1.367510 3.000000
57.000000 32.000000 0.000000 1.333560 3.000000
56.000000 0.000000 0.000000 1.019890 2.000000
64.000000 24.000000 0.000000 1.028060 2.000000
73.000000 16.000000 0.000000 1.261150 3.000000
103.000000 49.000000 0.000000 1.023500 2.000000
85.000000 32.000000 0.000000 1.260410 3.000000
87.000000 0.000000 0.000000 1.016390 2.000000
115.000000 0.000000 0.000000 1.027880 2.000000
99.000000 17.000000 0.000000 1.251540 3.000000
128.000000 49.000000 0.000000 1.030310 2.000000
113.000000 33.000000 0.000000 1.236870 3.000000
143.000000 0.000000 0.000000 1.032050 2.000000
127.000000 15.000000 0.000000 1.220570 3.000000
156.000000 49.000000 0.000000 1.033470 2.000000
142.000000 34.000000 0.000000 1.210060 3.000000
168.000000 0.000000 0.000000 1.034120 2.000000
156.000000 14.000000 0.000000 1.201480 3.000000
184.000000 49.000000 0.000000 1.034640 2.000000
170.000000 35.000000 0.000000 1.195820 3.000000
197.000000 0.000000 0.000000 1.035940 2.000000
184.000000 13.000000 0.000000 1.190150 3.000000
212.000000 49.000000 0.000000 1.037740 2.000000
198.000000 36.000000 0.000000 1.188210 3.000000
225.000000 0.000000 0.000000 1.039460 2.000000
212.000000 13.000000 0.000000 1.183090 3.000000
240.000000 49.000000 0.000000 1.041320 2.000000
226.000000 36.000000 0.000000 1.180460 3.000000
253.000000 0.000000 0.000000 1.044250 2.000000
240.000000 12.000000 0.000000 1.174570 3.000000
268.000000 49.000000 0.000000 1.046120 2.000000
254.000000 37.000000 0.000000 1.171810 3.000000
365.000000 37.000000 0.000000 1.138710 3.000000
281.000000 0.000000 0.000000 1.048310 2.000000
267.000000 12.000000 0.000000 1.168190 3.000000
296.000000 49.000000 0.000000 1.051130 2.000000
281.000000 37.000000 0.000000 1.165980 3.000000
352.000000 49.000000 0.000000 1.058590 2.000000
351.000000 11.000000 0.000000 1.141820 3.000000
309.000000 0.000000 0.000000 1.052890 2.000000
295.000000 12.000000 0.000000 1.160060 3.000000
324.000000 49.000000 0.000000 1.054450 2.000000
309.000000 37.000000 0.000000 1.157530 3.000000
337.000000 0.000000 0.000000 1.056160 2.000000
323.000000 12.000000 0.000000 1.151740 3.000000
337.000000 37.000000 0.000000 1.148580 3.000000
72.000000 49.000000 0.000000 1.011110 2.000000
23.000000 23.000000 0.000000 0.000000 0.000000
