43.000000 43.000000 0.000000 1.079260 2.000000
25.000000 29.000000 0.000000 1.422790 3.000000
32.000000 18.000000 0.000000 1.263750 2.000000
39.000000 19.000000 0.000000 1.387300 3.000000
387.000000 0.000000 0.000000 1.062860 2.000000
399.000000 11.000000 0.000000 1.123500 3.000000
52.000000 31.000000 0.000000 1.363100 3.000000
25.000000 20.000000 0.000000 1.320870 3.000000
50.000000 0.000000 0.000000 1.033350 2.000000
374.000000 49.000000 0.000000 1.060970 2.000000
387.000000 37.000000 0.000000 1.132370 3.000000
59.000000 23.000000 0.000000 1.031200 2.000000
373.000000 11.000000 0.000000 1.134820 3.000000
359.000000 0.000000 0.000000 1.058550 2.000000
359.000000 37.000000 0.000000 1.140950 3.000000
346.000000 49.000000 0.000000 1.056750 2.000000
345.000000 12.000000 0.000000 1.143940 3.000000
67.000000 17.000000 0.000000 1.288830 3.000000
109.000000 0.000000 0.000000 1.025720 2.000000
94.000000 17.000000 0.000000 1.256050 3.000000
333.000000 0.000000 0.000000 1.056010 2.000000
332.000000 37.000000 0.000000 1.149780 3.000000
68.000000 49.000000 0.000000 1.014510 2.000000
318.000000 49.000000 0.000000 1.054480 2.000000
96.000000 49.000000 0.000000 1.020560 2.000000
80.000000 31.000000 0.000000 1.255020 3.000000
124.000000 49.000000 0.000000 1.030050 2.000000
108.000000 33.000000 0.000000 1.241660 3.000000
318.000000 12.000000 0.000000 1.152670 3.000000
137.000000 0.000000 0.000000 1.031700 2.000000
122.000000 16.000000 0.000000 1.224770 3.000000
150.000000 49.000000 0.000000 1.033430 2.000000
136.000000 34.000000 0.000000 1.214690 3.000000
305.000000 0.000000 0.000000 1.051480 2.000000
304.000000 37.000000 0.000000 1.159190 3.000000
165.000000 0.000000 0.000000 1.033920 2.000000
150.000000 14.000000 0.000000 1.204860 3.000000
178.000000 49.000000 0.000000 1.034310 2.000000
164.000000 35.000000 0.000000 1.198510 3.000000
290.000000 49.000000 0.000000 1.049270 2.000000
290.000000 12.000000 0.000000 1.162220 3.000000
191.000000 0.000000 0.000000 1.035250 2.000000
178.000000 13.000000 0.000000 1.191830 3.000000
277.000000 0.000000 0.000000 1.047220 2.000000
206.000000 49.000000 0.000000 1.036430 2.000000
192.000000 36.000000 0.000000 1.189220 3.000000
276.000000 37.000000 0.000000 1.166830 3.000000
221.000000 0.000000 0.000000 1.038850 2.000000
206.000000 13.000000 0.000000 1.184050 3.000000
234.000000 49.000000 0.000000 1.040530 2.000000
220.000000 36.000000 0.000000 1.181940 3.000000
249.000000 0.000000 0.000000 1.042440 2.000000
234.000000 12.000000 0.000000 1.175730 3.000000
262.000000 49.000000 0.000000 1.044750 2.000000
248.000000 36.000000 0.000000 1.173520 3.000000
262.000000 12.000000 0.000000 1.169440 3.000000
81.000000 0.000000 0.000000 1.013190 2.000000
23.000000 23.000000 0.000000 0.000000 0.000000
