50.000000 49.000000 0.000000 1.042620 2.000000
35.000000 30.000000 0.000000 1.406430 3.000000
37.000000 7.000000 0.000000 1.101430 2.000000
25.000000 20.000000 0.000000 1.405220 3.000000
368.000000 0.000000 0.000000 1.059730 2.000000
382.000000 11.000000 0.000000 1.133260 3.000000
46.000000 18.000000 0.000000 1.366500 3.000000
55.000000 25.000000 0.000000 1.023710 2.000000
62.000000 32.000000 0.000000 1.313690 3.000000
383.000000 49.000000 0.000000 1.064160 2.000000
397.000000 38.000000 0.000000 1.134540 3.000000
368.000000 37.000000 0.000000 1.138650 3.000000
106.000000 49.000000 0.000000 1.025120 2.000000
89.000000 32.000000 0.000000 1.259200 3.000000
68.000000 24.000000 0.000000 1.019090 2.000000
355.000000 49.000000 0.000000 1.058090 2.000000
76.000000 17.000000 0.000000 1.249300 3.000000
354.000000 12.000000 0.000000 1.141180 3.000000
119.000000 0.000000 0.000000 1.028950 2.000000
103.000000 17.000000 0.000000 1.246240 3.000000
131.000000 49.000000 0.000000 1.030800 2.000000
117.000000 33.000000 0.000000 1.232440 3.000000
90.000000 0.000000 0.000000 1.016230 2.000000
340.000000 0.000000 0.000000 1.056950 2.000000
146.000000 0.000000 0.000000 1.031860 2.000000
131.000000 15.000000 0.000000 1.217890 3.000000
340.000000 37.000000 0.000000 1.146600 3.000000
159.000000 49.000000 0.000000 1.033020 2.000000
145.000000 35.000000 0.000000 1.207600 3.000000
172.000000 0.000000 0.000000 1.033800 2.000000
159.000000 14.000000 0.000000 1.200180 3.000000
187.000000 49.000000 0.000000 1.034090 2.000000
173.000000 35.000000 0.000000 1.194340 3.000000
327.000000 49.000000 0.000000 1.055860 2.000000
326.000000 12.000000 0.000000 1.149440 3.000000
200.000000 0.000000 0.000000 1.035870 2.000000
187.000000 13.000000 0.000000 1.189670 3.000000
215.000000 49.000000 0.000000 1.037200 2.000000
201.000000 36.000000 0.000000 1.187040 3.000000
228.000000 0.000000 0.000000 1.039900 2.000000
215.000000 13.000000 0.000000 1.181370 3.000000
314.000000 0.000000 0.000000 1.052880 2.000000
313.000000 37.000000 0.000000 1.155920 3.000000
243.000000 49.000000 0.000000 1.041410 2.000000
229.000000 36.000000 0.000000 1.178820 3.000000
258.000000 0.000000 0.000000 1.043530 2.000000
243.000000 12.000000 0.000000 1.172980 3.000000
271.000000 49.000000 0.000000 1.045630 2.000000
257.000000 37.000000 0.000000 1.170960 3.000000
299.000000 49.000000 0.000000 1.050540 2.000000
299.000000 12.000000 0.000000 1.158780 3.000000
286.000000 0.000000 0.000000 1.048430 2.000000
271.000000 12.000000 0.000000 1.166670 3.000000
285.000000 37.000000 0.000000 1.163960 3.000000
78.000000 49.000000 0.000000 1.013450 2.000000
23.000000 23.000000 0.000000 0.000000 0.000000
