44.000000 0.000000 0.000000 1.052620 2.000000
33.000000 19.000000 0.000000 1.407650 3.000000
33.000000 37.000000 0.000000 1.139730 2.000000
25.000000 29.000000 0.000000 1.376500 3.000000
33.000000 23.000000 0.000000 0.400038 2.000000
33.000000 26.000000 0.000000 0.489442 3.000000
380.000000 0.000000 0.000000 1.062460 2.000000
393.000000 11.000000 0.000000 1.129720 3.000000
44.000000 30.000000 0.000000 1.368430 3.000000
56.000000 49.000000 0.000000 1.020790 2.000000
365.000000 49.000000 0.000000 1.060040 2.000000
379.000000 37.000000 0.000000 1.133490 3.000000
58.000000 17.000000 0.000000 1.334050 3.000000
65.000000 25.000000 0.000000 1.026430 2.000000
365.000000 11.000000 0.000000 1.137220 3.000000
73.000000 33.000000 0.000000 1.260130 3.000000
103.000000 0.000000 0.000000 1.023750 2.000000
86.000000 17.000000 0.000000 1.258770 3.000000
352.000000 0.000000 0.000000 1.058360 2.000000
351.000000 37.000000 0.000000 1.143200 3.000000
87.000000 49.000000 0.000000 1.016470 2.000000
116.000000 49.000000 0.000000 1.028260 2.000000
100.000000 32.000000 0.000000 1.253350 3.000000
128.000000 0.000000 0.000000 1.030190 2.000000
114.000000 16.000000 0.000000 1.235890 3.000000
337.000000 49.000000 0.000000 1.057240 2.000000
337.000000 12.000000 0.000000 1.146170 3.000000
143.000000 49.000000 0.000000 1.032510 2.000000
128.000000 34.000000 0.000000 1.221640 3.000000
156.000000 0.000000 0.000000 1.033160 2.000000
142.000000 15.000000 0.000000 1.209240 3.000000
324.000000 0.000000 0.000000 1.054040 2.000000
324.000000 37.000000 0.000000 1.152470 3.000000
169.000000 49.000000 0.000000 1.034150 2.000000
156.000000 35.000000 0.000000 1.203090 3.000000
184.000000 0.000000 0.000000 1.034240 2.000000
170.000000 14.000000 0.000000 1.194430 3.000000
311.000000 49.000000 0.000000 1.052720 2.000000
197.000000 49.000000 0.000000 1.036470 2.000000
184.000000 36.000000 0.000000 1.191760 3.000000
310.000000 12.000000 0.000000 1.155590 3.000000
212.000000 0.000000 0.000000 1.036560 2.000000
198.000000 13.000000 0.000000 1.187450 3.000000
227.000000 49.000000 0.000000 1.040070 2.000000
212.000000 36.000000 0.000000 1.184940 3.000000
296.000000 0.000000 0.000000 1.050170 2.000000
240.000000 0.000000 0.000000 1.041000 2.000000
226.000000 13.000000 0.000000 1.178910 3.000000
255.000000 49.000000 0.000000 1.044270 2.000000
240.000000 36.000000 0.000000 1.175510 3.000000
296.000000 37.000000 0.000000 1.161490 3.000000
268.000000 0.000000 0.000000 1.045350 2.000000
254.000000 12.000000 0.000000 1.171560 3.000000
283.000000 49.000000 0.000000 1.049040 2.000000
268.000000 37.000000 0.000000 1.169310 3.000000
282.000000 12.000000 0.000000 1.164160 3.000000
72.000000 0.000000 0.000000 1.011980 2.000000
23.000000 23.000000 0.000000 0.000000 0.000000
