37.000000 42.000000 0.000000 1.100890 2.000000
25.000000 29.000000 0.000000 1.409550 3.000000
50.000000 0.000000 0.000000 1.042010 2.000000
35.000000 19.000000 0.000000 1.404910 3.000000
34.000000 26.000000 0.000000 0.557794 2.000000
34.000000 25.000000 0.000000 0.593402 3.000000
383.000000 0.000000 0.000000 1.063560 2.000000
396.000000 11.000000 0.000000 1.131940 3.000000
47.000000 31.000000 0.000000 1.366930 3.000000
368.000000 49.000000 0.000000 1.060500 2.000000
382.000000 37.000000 0.000000 1.133590 3.000000
55.000000 23.000000 0.000000 1.026420 2.000000
62.000000 17.000000 0.000000 1.314130 3.000000
369.000000 11.000000 0.000000 1.136930 3.000000
106.000000 0.000000 0.000000 1.025440 2.000000
89.000000 17.000000 0.000000 1.258840 3.000000
355.000000 0.000000 0.000000 1.058230 2.000000
67.000000 25.000000 0.000000 1.017780 2.000000
354.000000 37.000000 0.000000 1.142240 3.000000
75.000000 31.000000 0.000000 1.251390 3.000000
119.000000 49.000000 0.000000 1.029020 2.000000
103.000000 32.000000 0.000000 1.247740 3.000000
340.000000 49.000000 0.000000 1.056370 2.000000
340.000000 12.000000 0.000000 1.145310 3.000000
91.000000 49.000000 0.000000 1.016860 2.000000
132.000000 0.000000 0.000000 1.030770 2.000000
117.000000 16.000000 0.000000 1.231330 3.000000
327.000000 0.000000 0.000000 1.054960 2.000000
146.000000 49.000000 0.000000 1.032290 2.000000
131.000000 34.000000 0.000000 1.218840 3.000000
327.000000 37.000000 0.000000 1.151090 3.000000
159.000000 0.000000 0.000000 1.032730 2.000000
145.000000 14.000000 0.000000 1.207450 3.000000
314.000000 49.000000 0.000000 1.053860 2.000000
313.000000 12.000000 0.000000 1.153960 3.000000
172.000000 49.000000 0.000000 1.034230 2.000000
159.000000 35.000000 0.000000 1.201280 3.000000
187.000000 0.000000 0.000000 1.034040 2.000000
173.000000 13.000000 0.000000 1.193500 3.000000
299.000000 0.000000 0.000000 1.050150 2.000000
299.000000 37.000000 0.000000 1.160160 3.000000
200.000000 49.000000 0.000000 1.036380 2.000000
187.000000 36.000000 0.000000 1.190760 3.000000
215.000000 0.000000 0.000000 1.037090 2.000000
201.000000 13.000000 0.000000 1.185580 3.000000
286.000000 49.000000 0.000000 1.048630 2.000000
285.000000 12.000000 0.000000 1.163320 3.000000
230.000000 49.000000 0.000000 1.040250 2.000000
215.000000 36.000000 0.000000 1.183350 3.000000
271.000000 0.000000 0.000000 1.045820 2.000000
243.000000 0.000000 0.000000 1.040680 2.000000
229.000000 13.000000 0.000000 1.176950 3.000000
258.000000 49.000000 0.000000 1.043830 2.000000
243.000000 36.000000 0.000000 1.174610 3.000000
271.000000 37.000000 0.000000 1.167390 3.000000
257.000000 12.000000 0.000000 1.169980 3.000000
78.000000 0.000000 0.000000 1.012810 2.000000
23.000000 23.000000 0.000000 0.000000 0.000000
