44.000000 49.000000 0.000000 1.056800 2.000000
32.000000 30.000000 0.000000 1.406020 3.000000
34.000000 16.000000 0.000000 1.161890 2.000000
43.000000 19.000000 0.000000 1.372540 3.000000
31.000000 25.000000 0.000000 0.361303 2.000000
32.000000 24.000000 0.000000 0.425182 3.000000
377.000000 49.000000 0.000000 1.061280 2.000000
392.000000 38.000000 0.000000 1.130930 3.000000
25.000000 20.000000 0.000000 1.354810 3.000000
56.000000 0.000000 0.000000 1.020110 2.000000
56.000000 32.000000 0.000000 1.343260 3.000000
365.000000 0.000000 0.000000 1.059110 2.000000
378.000000 11.000000 0.000000 1.131910 3.000000
63.000000 23.000000 0.000000 1.027680 2.000000
71.000000 16.000000 0.000000 1.264500 3.000000
100.000000 49.000000 0.000000 1.022560 2.000000
84.000000 32.000000 0.000000 1.259420 3.000000
364.000000 37.000000 0.000000 1.139130 3.000000
85.000000 0.000000 0.000000 1.015590 2.000000
115.000000 0.000000 0.000000 1.028100 2.000000
98.000000 17.000000 0.000000 1.252480 3.000000
349.000000 49.000000 0.000000 1.058600 2.000000
128.000000 49.000000 0.000000 1.030520 2.000000
112.000000 33.000000 0.000000 1.237870 3.000000
350.000000 11.000000 0.000000 1.142370 3.000000
141.000000 0.000000 0.000000 1.031500 2.000000
126.000000 15.000000 0.000000 1.221260 3.000000
153.000000 49.000000 0.000000 1.033530 2.000000
140.000000 34.000000 0.000000 1.210940 3.000000
168.000000 0.000000 0.000000 1.033900 2.000000
154.000000 14.000000 0.000000 1.201870 3.000000
337.000000 0.000000 0.000000 1.056150 2.000000
336.000000 37.000000 0.000000 1.149110 3.000000
181.000000 49.000000 0.000000 1.034540 2.000000
169.000000 35.000000 0.000000 1.195920 3.000000
196.000000 0.000000 0.000000 1.035540 2.000000
182.000000 13.000000 0.000000 1.189920 3.000000
322.000000 49.000000 0.000000 1.054780 2.000000
209.000000 49.000000 0.000000 1.038120 2.000000
196.000000 36.000000 0.000000 1.187890 3.000000
322.000000 12.000000 0.000000 1.152230 3.000000
224.000000 0.000000 0.000000 1.039070 2.000000
210.000000 13.000000 0.000000 1.183370 3.000000
240.000000 49.000000 0.000000 1.042170 2.000000
224.000000 36.000000 0.000000 1.180570 3.000000
253.000000 0.000000 0.000000 1.043820 2.000000
238.000000 13.000000 0.000000 1.174730 3.000000
268.000000 49.000000 0.000000 1.046600 2.000000
252.000000 37.000000 0.000000 1.172090 3.000000
309.000000 0.000000 0.000000 1.052650 2.000000
308.000000 37.000000 0.000000 1.158070 3.000000
281.000000 0.000000 0.000000 1.048060 2.000000
266.000000 12.000000 0.000000 1.168770 3.000000
296.000000 49.000000 0.000000 1.051380 2.000000
280.000000 37.000000 0.000000 1.166670 3.000000
294.000000 12.000000 0.000000 1.160620 3.000000
72.000000 49.000000 0.000000 1.011510 2.000000
23.000000 23.000000 0.000000 0.000000 0.000000
