44.000000 49.000000 0.000000 1.064050 2.000000
25.000000 29.000000 0.000000 1.408960 3.000000
30.000000 26.000000 0.000000 0.310067 2.000000
31.000000 24.000000 0.000000 0.350999 3.000000
33.000000 17.000000 0.000000 1.202990 2.000000
41.000000 19.000000 0.000000 1.376210 3.000000
389.000000 0.000000 0.000000 1.063550 2.000000
399.000000 11.000000 0.000000 1.105150 3.000000
54.000000 32.000000 0.000000 1.350160 3.000000
377.000000 49.000000 0.000000 1.062110 2.000000
390.000000 38.000000 0.000000 1.132560 3.000000
25.000000 20.000000 0.000000 1.335970 3.000000
56.000000 0.000000 0.000000 1.024830 2.000000
62.000000 24.000000 0.000000 1.030280 2.000000
376.000000 11.000000 0.000000 1.133470 3.000000
70.000000 17.000000 0.000000 1.274230 3.000000
362.000000 0.000000 0.000000 1.059240 2.000000
362.000000 37.000000 0.000000 1.140070 3.000000
97.000000 49.000000 0.000000 1.021170 2.000000
82.000000 31.000000 0.000000 1.259230 3.000000
84.000000 0.000000 0.000000 1.014190 2.000000
349.000000 49.000000 0.000000 1.058230 2.000000
348.000000 11.000000 0.000000 1.142770 3.000000
112.000000 0.000000 0.000000 1.027350 2.000000
96.000000 17.000000 0.000000 1.254450 3.000000
125.000000 49.000000 0.000000 1.030510 2.000000
110.000000 33.000000 0.000000 1.239680 3.000000
334.000000 0.000000 0.000000 1.055660 2.000000
334.000000 37.000000 0.000000 1.149330 3.000000
140.000000 0.000000 0.000000 1.031510 2.000000
124.000000 15.000000 0.000000 1.222480 3.000000
153.000000 49.000000 0.000000 1.032910 2.000000
138.000000 34.000000 0.000000 1.212670 3.000000
321.000000 49.000000 0.000000 1.053650 2.000000
320.000000 12.000000 0.000000 1.152440 3.000000
165.000000 0.000000 0.000000 1.033650 2.000000
152.000000 14.000000 0.000000 1.203050 3.000000
181.000000 49.000000 0.000000 1.034470 2.000000
167.000000 35.000000 0.000000 1.197020 3.000000
306.000000 0.000000 0.000000 1.052150 2.000000
306.000000 37.000000 0.000000 1.158100 3.000000
194.000000 0.000000 0.000000 1.035460 2.000000
181.000000 13.000000 0.000000 1.190530 3.000000
209.000000 49.000000 0.000000 1.037120 2.000000
195.000000 36.000000 0.000000 1.188440 3.000000
293.000000 49.000000 0.000000 1.050140 2.000000
292.000000 12.000000 0.000000 1.160710 3.000000
222.000000 0.000000 0.000000 1.038700 2.000000
208.000000 13.000000 0.000000 1.183650 3.000000
237.000000 49.000000 0.000000 1.040560 2.000000
223.000000 36.000000 0.000000 1.180810 3.000000
278.000000 0.000000 0.000000 1.047520 2.000000
278.000000 37.000000 0.000000 1.166520 3.000000
250.000000 0.000000 0.000000 1.043430 2.000000
237.000000 12.000000 0.000000 1.174860 3.000000
265.000000 49.000000 0.000000 1.045180 2.000000
251.000000 37.000000 0.000000 1.172060 3.000000
264.000000 12.000000 0.000000 1.168620 3.000000
69.000000 49.000000 0.000000 1.013080 2.000000
23.000000 23.000000 0.000000 0.000000 0.000000
