38.000000 43.000000 0.000000 1.091480 2.000000
25.000000 29.000000 0.000000 1.423530 3.000000
50.000000 0.000000 0.000000 1.035850 2.000000
37.000000 19.000000 0.000000 1.396700 3.000000
49.000000 31.000000 0.000000 1.373460 3.000000
371.000000 49.000000 0.000000 1.061660 2.000000
385.000000 38.000000 0.000000 1.135050 3.000000
64.000000 17.000000 0.000000 1.304260 3.000000
57.000000 23.000000 0.000000 1.033580 2.000000
384.000000 0.000000 0.000000 1.065290 2.000000
399.000000 11.000000 0.000000 1.135760 3.000000
371.000000 11.000000 0.000000 1.137340 3.000000
108.000000 0.000000 0.000000 1.025530 2.000000
91.000000 17.000000 0.000000 1.257800 3.000000
356.000000 0.000000 0.000000 1.059090 2.000000
357.000000 37.000000 0.000000 1.142390 3.000000
93.000000 49.000000 0.000000 1.019350 2.000000
77.000000 31.000000 0.000000 1.254970 3.000000
63.000000 49.000000 0.000000 1.015000 2.000000
121.000000 49.000000 0.000000 1.029150 2.000000
105.000000 33.000000 0.000000 1.243400 3.000000
134.000000 0.000000 0.000000 1.030430 2.000000
119.000000 16.000000 0.000000 1.227260 3.000000
343.000000 49.000000 0.000000 1.056500 2.000000
343.000000 12.000000 0.000000 1.144970 3.000000
147.000000 49.000000 0.000000 1.032340 2.000000
133.000000 34.000000 0.000000 1.215730 3.000000
162.000000 0.000000 0.000000 1.033300 2.000000
147.000000 14.000000 0.000000 1.205080 3.000000
175.000000 49.000000 0.000000 1.033860 2.000000
162.000000 35.000000 0.000000 1.198900 3.000000
330.000000 0.000000 0.000000 1.055260 2.000000
329.000000 37.000000 0.000000 1.150590 3.000000
190.000000 0.000000 0.000000 1.034250 2.000000
176.000000 13.000000 0.000000 1.191560 3.000000
203.000000 49.000000 0.000000 1.035610 2.000000
190.000000 36.000000 0.000000 1.188860 3.000000
218.000000 0.000000 0.000000 1.037170 2.000000
203.000000 13.000000 0.000000 1.183620 3.000000
315.000000 49.000000 0.000000 1.053880 2.000000
315.000000 12.000000 0.000000 1.153380 3.000000
231.000000 49.000000 0.000000 1.039540 2.000000
217.000000 36.000000 0.000000 1.181440 3.000000
246.000000 0.000000 0.000000 1.040710 2.000000
231.000000 13.000000 0.000000 1.175280 3.000000
259.000000 49.000000 0.000000 1.043630 2.000000
245.000000 36.000000 0.000000 1.173230 3.000000
302.000000 0.000000 0.000000 1.050310 2.000000
301.000000 37.000000 0.000000 1.159310 3.000000
274.000000 0.000000 0.000000 1.045830 2.000000
259.000000 12.000000 0.000000 1.168810 3.000000
287.000000 49.000000 0.000000 1.048410 2.000000
273.000000 37.000000 0.000000 1.166250 3.000000
287.000000 12.000000 0.000000 1.162190 3.000000
78.000000 0.000000 0.000000 1.012220 2.000000
23.000000 23.000000 0.000000 0.000000 0.000000
