50.000000 49.000000 0.000000 1.038660 2.000000
36.000000 30.000000 0.000000 1.403200 3.000000
38.000000 6.000000 0.000000 1.095590 2.000000
25.000000 20.000000 0.000000 1.412600 3.000000
383.000000 49.000000 0.000000 1.060240 2.000000
397.000000 38.000000 0.000000 1.124970 3.000000
371.000000 0.000000 0.000000 1.059030 2.000000
383.000000 11.000000 0.000000 1.129050 3.000000
47.000000 18.000000 0.000000 1.363720 3.000000
63.000000 32.000000 0.000000 1.310690 3.000000
56.000000 26.000000 0.000000 1.031050 2.000000
369.000000 37.000000 0.000000 1.136230 3.000000
355.000000 49.000000 0.000000 1.058600 2.000000
355.000000 12.000000 0.000000 1.139860 3.000000
106.000000 49.000000 0.000000 1.024640 2.000000
90.000000 32.000000 0.000000 1.259730 3.000000
343.000000 0.000000 0.000000 1.056720 2.000000
342.000000 37.000000 0.000000 1.146760 3.000000
62.000000 0.000000 0.000000 1.014250 2.000000
328.000000 49.000000 0.000000 1.055430 2.000000
91.000000 0.000000 0.000000 1.018100 2.000000
76.000000 17.000000 0.000000 1.250260 3.000000
327.000000 12.000000 0.000000 1.150110 3.000000
120.000000 0.000000 0.000000 1.028990 2.000000
104.000000 17.000000 0.000000 1.244360 3.000000
134.000000 49.000000 0.000000 1.031180 2.000000
118.000000 33.000000 0.000000 1.231440 3.000000
315.000000 0.000000 0.000000 1.053690 2.000000
314.000000 37.000000 0.000000 1.156330 3.000000
146.000000 0.000000 0.000000 1.032340 2.000000
132.000000 15.000000 0.000000 1.217420 3.000000
159.000000 49.000000 0.000000 1.033510 2.000000
146.000000 35.000000 0.000000 1.207890 3.000000
300.000000 49.000000 0.000000 1.052700 2.000000
300.000000 12.000000 0.000000 1.159190 3.000000
287.000000 0.000000 0.000000 1.049090 2.000000
174.000000 0.000000 0.000000 1.034870 2.000000
160.000000 14.000000 0.000000 1.199930 3.000000
187.000000 49.000000 0.000000 1.035160 2.000000
174.000000 36.000000 0.000000 1.194490 3.000000
286.000000 37.000000 0.000000 1.165790 3.000000
202.000000 0.000000 0.000000 1.036660 2.000000
188.000000 13.000000 0.000000 1.189690 3.000000
272.000000 49.000000 0.000000 1.047830 2.000000
215.000000 49.000000 0.000000 1.038960 2.000000
202.000000 36.000000 0.000000 1.187740 3.000000
272.000000 12.000000 0.000000 1.168130 3.000000
231.000000 0.000000 0.000000 1.040350 2.000000
216.000000 13.000000 0.000000 1.182540 3.000000
243.000000 49.000000 0.000000 1.043180 2.000000
230.000000 36.000000 0.000000 1.179740 3.000000
259.000000 0.000000 0.000000 1.044970 2.000000
258.000000 37.000000 0.000000 1.171880 3.000000
244.000000 12.000000 0.000000 1.174170 3.000000
78.000000 49.000000 0.000000 1.012230 2.000000
23.000000 23.000000 0.000000 0.000000 0.000000
