37.000000 6.000000 0.000000 1.098050 2.000000
25.000000 20.000000 0.000000 1.410200 3.000000
50.000000 49.000000 0.000000 1.040290 2.000000
35.000000 30.000000 0.000000 1.403250 3.000000
368.000000 0.000000 0.000000 1.061030 2.000000
383.000000 11.000000 0.000000 1.133210 3.000000
47.000000 18.000000 0.000000 1.369440 3.000000
55.000000 25.000000 0.000000 1.030710 2.000000
383.000000 49.000000 0.000000 1.064730 2.000000
397.000000 38.000000 0.000000 1.136840 3.000000
62.000000 32.000000 0.000000 1.313220 3.000000
106.000000 49.000000 0.000000 1.024430 2.000000
89.000000 32.000000 0.000000 1.259370 3.000000
369.000000 37.000000 0.000000 1.138380 3.000000
68.000000 24.000000 0.000000 1.016320 2.000000
355.000000 49.000000 0.000000 1.059210 2.000000
355.000000 11.000000 0.000000 1.141030 3.000000
342.000000 0.000000 0.000000 1.056970 2.000000
91.000000 0.000000 0.000000 1.017690 2.000000
75.000000 18.000000 0.000000 1.250940 3.000000
341.000000 37.000000 0.000000 1.147110 3.000000
119.000000 0.000000 0.000000 1.028590 2.000000
104.000000 17.000000 0.000000 1.243690 3.000000
134.000000 49.000000 0.000000 1.030840 2.000000
118.000000 33.000000 0.000000 1.230850 3.000000
327.000000 49.000000 0.000000 1.054900 2.000000
327.000000 12.000000 0.000000 1.150190 3.000000
146.000000 0.000000 0.000000 1.031600 2.000000
132.000000 15.000000 0.000000 1.216500 3.000000
159.000000 49.000000 0.000000 1.032880 2.000000
146.000000 35.000000 0.000000 1.206960 3.000000
315.000000 0.000000 0.000000 1.053170 2.000000
313.000000 37.000000 0.000000 1.155730 3.000000
172.000000 0.000000 0.000000 1.034240 2.000000
160.000000 14.000000 0.000000 1.199170 3.000000
187.000000 49.000000 0.000000 1.034130 2.000000
174.000000 36.000000 0.000000 1.193660 3.000000
300.000000 49.000000 0.000000 1.051720 2.000000
299.000000 12.000000 0.000000 1.158240 3.000000
202.000000 0.000000 0.000000 1.035770 2.000000
188.000000 13.000000 0.000000 1.188660 3.000000
215.000000 49.000000 0.000000 1.037540 2.000000
202.000000 36.000000 0.000000 1.186580 3.000000
230.000000 0.000000 0.000000 1.039170 2.000000
216.000000 13.000000 0.000000 1.181120 3.000000
287.000000 0.000000 0.000000 1.048190 2.000000
243.000000 49.000000 0.000000 1.041560 2.000000
230.000000 36.000000 0.000000 1.178300 3.000000
286.000000 37.000000 0.000000 1.164390 3.000000
258.000000 0.000000 0.000000 1.043920 2.000000
244.000000 12.000000 0.000000 1.172780 3.000000
271.000000 49.000000 0.000000 1.046470 2.000000
258.000000 37.000000 0.000000 1.170330 3.000000
272.000000 12.000000 0.000000 1.166490 3.000000
78.000000 49.000000 0.000000 1.012720 2.000000
23.000000 23.000000 0.000000 0.000000 0.000000
