44.000000 49.000000 0.000000 1.056600 2.000000
32.000000 30.000000 0.000000 1.405740 3.000000
34.000000 16.000000 0.000000 1.158270 2.000000
43.000000 19.000000 0.000000 1.371500 3.000000
31.000000 25.000000 0.000000 0.363505 2.000000
32.000000 24.000000 0.000000 0.433268 3.000000
377.000000 49.000000 0.000000 1.061600 2.000000
392.000000 38.000000 0.000000 1.131470 3.000000
25.000000 20.000000 0.000000 1.356710 3.000000
56.000000 0.000000 0.000000 1.020440 2.000000
364.000000 0.000000 0.000000 1.058590 2.000000
378.000000 11.000000 0.000000 1.132890 3.000000
56.000000 32.000000 0.000000 1.339830 3.000000
64.000000 24.000000 0.000000 1.027460 2.000000
72.000000 16.000000 0.000000 1.264540 3.000000
364.000000 37.000000 0.000000 1.139560 3.000000
100.000000 49.000000 0.000000 1.023090 2.000000
84.000000 31.000000 0.000000 1.257800 3.000000
86.000000 0.000000 0.000000 1.015380 2.000000
349.000000 49.000000 0.000000 1.057550 2.000000
115.000000 0.000000 0.000000 1.028500 2.000000
98.000000 17.000000 0.000000 1.251500 3.000000
350.000000 12.000000 0.000000 1.142370 3.000000
128.000000 49.000000 0.000000 1.030530 2.000000
113.000000 33.000000 0.000000 1.237200 3.000000
337.000000 0.000000 0.000000 1.056320 2.000000
141.000000 0.000000 0.000000 1.031710 2.000000
127.000000 15.000000 0.000000 1.220540 3.000000
336.000000 37.000000 0.000000 1.148570 3.000000
155.000000 49.000000 0.000000 1.033750 2.000000
141.000000 34.000000 0.000000 1.210720 3.000000
168.000000 0.000000 0.000000 1.033880 2.000000
155.000000 14.000000 0.000000 1.202180 3.000000
181.000000 49.000000 0.000000 1.034680 2.000000
169.000000 35.000000 0.000000 1.196040 3.000000
324.000000 49.000000 0.000000 1.055570 2.000000
322.000000 12.000000 0.000000 1.151490 3.000000
196.000000 0.000000 0.000000 1.035470 2.000000
183.000000 13.000000 0.000000 1.190500 3.000000
212.000000 49.000000 0.000000 1.037870 2.000000
197.000000 36.000000 0.000000 1.188050 3.000000
224.000000 0.000000 0.000000 1.039360 2.000000
211.000000 13.000000 0.000000 1.182510 3.000000
309.000000 0.000000 0.000000 1.052100 2.000000
308.000000 37.000000 0.000000 1.157720 3.000000
240.000000 49.000000 0.000000 1.042090 2.000000
225.000000 36.000000 0.000000 1.180300 3.000000
253.000000 0.000000 0.000000 1.043010 2.000000
239.000000 12.000000 0.000000 1.174290 3.000000
268.000000 49.000000 0.000000 1.045630 2.000000
253.000000 37.000000 0.000000 1.172050 3.000000
296.000000 49.000000 0.000000 1.050390 2.000000
281.000000 0.000000 0.000000 1.047900 2.000000
266.000000 12.000000 0.000000 1.167970 3.000000
294.000000 12.000000 0.000000 1.160460 3.000000
280.000000 37.000000 0.000000 1.165330 3.000000
72.000000 49.000000 0.000000 1.011530 2.000000
23.000000 23.000000 0.000000 0.000000 0.000000
