38.000000 43.000000 0.000000 1.090010 2.000000
25.000000 29.000000 0.000000 1.419960 3.000000
50.000000 0.000000 0.000000 1.035120 2.000000
36.000000 19.000000 0.000000 1.394760 3.000000
384.000000 0.000000 0.000000 1.061460 2.000000
399.000000 11.000000 0.000000 1.128240 3.000000
49.000000 31.000000 0.000000 1.367270 3.000000
371.000000 49.000000 0.000000 1.059660 2.000000
384.000000 37.000000 0.000000 1.131360 3.000000
56.000000 24.000000 0.000000 1.033270 2.000000
370.000000 11.000000 0.000000 1.135460 3.000000
64.000000 17.000000 0.000000 1.305280 3.000000
106.000000 0.000000 0.000000 1.025350 2.000000
91.000000 17.000000 0.000000 1.257630 3.000000
356.000000 0.000000 0.000000 1.058120 2.000000
93.000000 49.000000 0.000000 1.019070 2.000000
77.000000 31.000000 0.000000 1.252580 3.000000
356.000000 37.000000 0.000000 1.141560 3.000000
62.000000 49.000000 0.000000 1.013530 2.000000
121.000000 49.000000 0.000000 1.029540 2.000000
105.000000 32.000000 0.000000 1.244310 3.000000
343.000000 49.000000 0.000000 1.056320 2.000000
342.000000 12.000000 0.000000 1.144910 3.000000
134.000000 0.000000 0.000000 1.030830 2.000000
119.000000 16.000000 0.000000 1.228800 3.000000
147.000000 49.000000 0.000000 1.032870 2.000000
133.000000 34.000000 0.000000 1.217230 3.000000
159.000000 0.000000 0.000000 1.034250 2.000000
147.000000 14.000000 0.000000 1.206540 3.000000
330.000000 0.000000 0.000000 1.055540 2.000000
329.000000 37.000000 0.000000 1.150690 3.000000
174.000000 49.000000 0.000000 1.034930 2.000000
161.000000 35.000000 0.000000 1.200450 3.000000
188.000000 0.000000 0.000000 1.035610 2.000000
175.000000 13.000000 0.000000 1.193140 3.000000
315.000000 49.000000 0.000000 1.054190 2.000000
315.000000 12.000000 0.000000 1.153670 3.000000
203.000000 49.000000 0.000000 1.036670 2.000000
189.000000 36.000000 0.000000 1.190540 3.000000
218.000000 0.000000 0.000000 1.038640 2.000000
203.000000 13.000000 0.000000 1.185340 3.000000
302.000000 0.000000 0.000000 1.051070 2.000000
231.000000 49.000000 0.000000 1.040560 2.000000
217.000000 36.000000 0.000000 1.183180 3.000000
301.000000 37.000000 0.000000 1.160080 3.000000
246.000000 0.000000 0.000000 1.041970 2.000000
231.000000 13.000000 0.000000 1.176800 3.000000
259.000000 49.000000 0.000000 1.044540 2.000000
245.000000 36.000000 0.000000 1.174600 3.000000
287.000000 49.000000 0.000000 1.049100 2.000000
287.000000 12.000000 0.000000 1.163330 3.000000
274.000000 0.000000 0.000000 1.046870 2.000000
259.000000 12.000000 0.000000 1.170190 3.000000
273.000000 37.000000 0.000000 1.167580 3.000000
78.000000 0.000000 0.000000 1.011270 2.000000
23.000000 23.000000 0.000000 0.000000 0.000000
