38.000000 43.000000 0.000000 1.094150 2.000000
25.000000 29.000000 0.000000 1.416910 3.000000
50.000000 0.000000 0.000000 1.037680 2.000000
36.000000 19.000000 0.000000 1.401330 3.000000
370.000000 49.000000 0.000000 1.061880 2.000000
384.000000 38.000000 0.000000 1.135040 3.000000
48.000000 31.000000 0.000000 1.363850 3.000000
56.000000 24.000000 0.000000 1.027140 2.000000
383.000000 0.000000 0.000000 1.065250 2.000000
398.000000 11.000000 0.000000 1.135350 3.000000
63.000000 17.000000 0.000000 1.310430 3.000000
370.000000 11.000000 0.000000 1.137620 3.000000
106.000000 0.000000 0.000000 1.025010 2.000000
90.000000 17.000000 0.000000 1.257690 3.000000
355.000000 0.000000 0.000000 1.058820 2.000000
356.000000 37.000000 0.000000 1.142480 3.000000
69.000000 25.000000 0.000000 1.016960 2.000000
91.000000 49.000000 0.000000 1.018160 2.000000
76.000000 31.000000 0.000000 1.252320 3.000000
121.000000 49.000000 0.000000 1.029170 2.000000
104.000000 32.000000 0.000000 1.244940 3.000000
343.000000 49.000000 0.000000 1.056370 2.000000
342.000000 12.000000 0.000000 1.145090 3.000000
134.000000 0.000000 0.000000 1.030700 2.000000
118.000000 16.000000 0.000000 1.229180 3.000000
147.000000 49.000000 0.000000 1.032380 2.000000
132.000000 34.000000 0.000000 1.217240 3.000000
328.000000 0.000000 0.000000 1.055150 2.000000
159.000000 0.000000 0.000000 1.033040 2.000000
146.000000 14.000000 0.000000 1.206250 3.000000
328.000000 37.000000 0.000000 1.150790 3.000000
174.000000 49.000000 0.000000 1.034370 2.000000
160.000000 35.000000 0.000000 1.200040 3.000000
187.000000 0.000000 0.000000 1.034370 2.000000
174.000000 13.000000 0.000000 1.192490 3.000000
315.000000 49.000000 0.000000 1.053360 2.000000
314.000000 12.000000 0.000000 1.153600 3.000000
202.000000 49.000000 0.000000 1.036010 2.000000
188.000000 36.000000 0.000000 1.189860 3.000000
215.000000 0.000000 0.000000 1.037530 2.000000
202.000000 13.000000 0.000000 1.184690 3.000000
300.000000 0.000000 0.000000 1.050300 2.000000
300.000000 37.000000 0.000000 1.159710 3.000000
231.000000 49.000000 0.000000 1.039440 2.000000
216.000000 36.000000 0.000000 1.182480 3.000000
244.000000 0.000000 0.000000 1.041150 2.000000
230.000000 13.000000 0.000000 1.176080 3.000000
287.000000 49.000000 0.000000 1.047900 2.000000
259.000000 49.000000 0.000000 1.043020 2.000000
244.000000 36.000000 0.000000 1.173850 3.000000
286.000000 12.000000 0.000000 1.162750 3.000000
272.000000 0.000000 0.000000 1.045890 2.000000
258.000000 12.000000 0.000000 1.169260 3.000000
272.000000 37.000000 0.000000 1.166720 3.000000
78.000000 0.000000 0.000000 1.011590 2.000000
23.000000 23.000000 0.000000 0.000000 0.000000
