44.000000 0.000000 0.000000 1.073680 2.000000
25.000000 20.000000 0.000000 1.416310 3.000000
33.000000 31.000000 0.000000 1.246200 2.000000
40.000000 30.000000 0.000000 1.381430 3.000000
387.000000 49.000000 0.000000 1.065160 2.000000
399.000000 38.000000 0.000000 1.121790 3.000000
53.000000 18.000000 0.000000 1.360970 3.000000
374.000000 0.000000 0.000000 1.061900 2.000000
388.000000 11.000000 0.000000 1.133350 3.000000
25.000000 29.000000 0.000000 1.327270 3.000000
56.000000 49.000000 0.000000 1.031280 2.000000
60.000000 26.000000 0.000000 1.034540 2.000000
374.000000 37.000000 0.000000 1.136430 3.000000
68.000000 32.000000 0.000000 1.282350 3.000000
361.000000 49.000000 0.000000 1.059740 2.000000
360.000000 11.000000 0.000000 1.139720 3.000000
111.000000 49.000000 0.000000 1.026660 2.000000
95.000000 32.000000 0.000000 1.257640 3.000000
82.000000 49.000000 0.000000 1.013960 2.000000
346.000000 0.000000 0.000000 1.057210 2.000000
346.000000 37.000000 0.000000 1.145400 3.000000
97.000000 0.000000 0.000000 1.019500 2.000000
81.000000 17.000000 0.000000 1.254960 3.000000
333.000000 49.000000 0.000000 1.055460 2.000000
125.000000 0.000000 0.000000 1.029790 2.000000
109.000000 16.000000 0.000000 1.240200 3.000000
332.000000 12.000000 0.000000 1.148510 3.000000
137.000000 49.000000 0.000000 1.031830 2.000000
123.000000 33.000000 0.000000 1.225720 3.000000
318.000000 0.000000 0.000000 1.053910 2.000000
152.000000 0.000000 0.000000 1.032610 2.000000
137.000000 15.000000 0.000000 1.213550 3.000000
318.000000 37.000000 0.000000 1.153870 3.000000
165.000000 49.000000 0.000000 1.033570 2.000000
151.000000 35.000000 0.000000 1.205410 3.000000
178.000000 0.000000 0.000000 1.033770 2.000000
165.000000 14.000000 0.000000 1.196870 3.000000
305.000000 49.000000 0.000000 1.052400 2.000000
304.000000 12.000000 0.000000 1.156410 3.000000
193.000000 49.000000 0.000000 1.034680 2.000000
179.000000 36.000000 0.000000 1.192450 3.000000
290.000000 0.000000 0.000000 1.049150 2.000000
206.000000 0.000000 0.000000 1.036310 2.000000
193.000000 13.000000 0.000000 1.187400 3.000000
291.000000 37.000000 0.000000 1.162640 3.000000
221.000000 49.000000 0.000000 1.038390 2.000000
207.000000 36.000000 0.000000 1.185270 3.000000
277.000000 49.000000 0.000000 1.047130 2.000000
277.000000 12.000000 0.000000 1.165330 3.000000
234.000000 0.000000 0.000000 1.040090 2.000000
221.000000 13.000000 0.000000 1.179570 3.000000
262.000000 0.000000 0.000000 1.045020 2.000000
263.000000 37.000000 0.000000 1.169240 3.000000
249.000000 49.000000 0.000000 1.042240 2.000000
235.000000 36.000000 0.000000 1.176820 3.000000
249.000000 12.000000 0.000000 1.171680 3.000000
68.000000 0.000000 0.000000 1.012850 2.000000
23.000000 23.000000 0.000000 0.000000 0.000000
