44.000000 49.000000 0.000000 1.060900 2.000000
31.000000 30.000000 0.000000 1.402780 3.000000
33.000000 17.000000 0.000000 1.187450 2.000000
42.000000 19.000000 0.000000 1.376380 3.000000
25.000000 20.000000 0.000000 1.342770 3.000000
31.000000 25.000000 0.000000 0.335179 2.000000
32.000000 23.000000 0.000000 0.376854 3.000000
390.000000 0.000000 0.000000 1.063780 2.000000
399.000000 11.000000 0.000000 1.098300 3.000000
56.000000 31.000000 0.000000 1.341690 3.000000
377.000000 49.000000 0.000000 1.062010 2.000000
391.000000 38.000000 0.000000 1.132650 3.000000
56.000000 0.000000 0.000000 1.022730 2.000000
62.000000 24.000000 0.000000 1.031040 2.000000
70.000000 16.000000 0.000000 1.272150 3.000000
377.000000 11.000000 0.000000 1.133020 3.000000
100.000000 49.000000 0.000000 1.021880 2.000000
83.000000 32.000000 0.000000 1.258490 3.000000
113.000000 0.000000 0.000000 1.027410 2.000000
97.000000 17.000000 0.000000 1.253700 3.000000
362.000000 0.000000 0.000000 1.059530 2.000000
363.000000 37.000000 0.000000 1.139710 3.000000
84.000000 0.000000 0.000000 1.014210 2.000000
127.000000 49.000000 0.000000 1.030640 2.000000
111.000000 33.000000 0.000000 1.239160 3.000000
140.000000 0.000000 0.000000 1.031230 2.000000
125.000000 15.000000 0.000000 1.222130 3.000000
153.000000 49.000000 0.000000 1.032870 2.000000
139.000000 34.000000 0.000000 1.212180 3.000000
349.000000 49.000000 0.000000 1.058290 2.000000
349.000000 11.000000 0.000000 1.142690 3.000000
166.000000 0.000000 0.000000 1.034030 2.000000
153.000000 14.000000 0.000000 1.202740 3.000000
181.000000 49.000000 0.000000 1.033990 2.000000
167.000000 35.000000 0.000000 1.196660 3.000000
196.000000 0.000000 0.000000 1.035520 2.000000
181.000000 13.000000 0.000000 1.190400 3.000000
336.000000 0.000000 0.000000 1.056030 2.000000
335.000000 37.000000 0.000000 1.149270 3.000000
209.000000 49.000000 0.000000 1.037040 2.000000
195.000000 36.000000 0.000000 1.188350 3.000000
224.000000 0.000000 0.000000 1.038910 2.000000
209.000000 13.000000 0.000000 1.183760 3.000000
237.000000 49.000000 0.000000 1.040840 2.000000
223.000000 36.000000 0.000000 1.181030 3.000000
252.000000 0.000000 0.000000 1.043350 2.000000
237.000000 13.000000 0.000000 1.175040 3.000000
265.000000 49.000000 0.000000 1.045600 2.000000
251.000000 37.000000 0.000000 1.172370 3.000000
321.000000 49.000000 0.000000 1.053850 2.000000
321.000000 12.000000 0.000000 1.152360 3.000000
280.000000 0.000000 0.000000 1.047690 2.000000
265.000000 12.000000 0.000000 1.169070 3.000000
308.000000 0.000000 0.000000 1.052370 2.000000
307.000000 37.000000 0.000000 1.158270 3.000000
293.000000 49.000000 0.000000 1.050550 2.000000
279.000000 37.000000 0.000000 1.166960 3.000000
293.000000 12.000000 0.000000 1.160930 3.000000
71.000000 49.000000 0.000000 1.012640 2.000000
23.000000 23.000000 0.000000 0.000000 0.000000
