44.000000 0.000000 0.000000 1.050880 2.000000
34.000000 19.000000 0.000000 1.407990 3.000000
37.000000 37.000000 0.000000 1.126450 2.000000
25.000000 29.000000 0.000000 1.389660 3.000000
33.000000 27.000000 0.000000 0.447173 2.000000
33.000000 25.000000 0.000000 0.527358 3.000000
380.000000 0.000000 0.000000 1.063690 2.000000
394.000000 11.000000 0.000000 1.131700 3.000000
45.000000 30.000000 0.000000 1.365660 3.000000
62.000000 49.000000 0.000000 1.021280 2.000000
367.000000 49.000000 0.000000 1.060900 2.000000
380.000000 37.000000 0.000000 1.134310 3.000000
59.000000 17.000000 0.000000 1.326260 3.000000
367.000000 11.000000 0.000000 1.137360 3.000000
65.000000 25.000000 0.000000 1.022450 2.000000
103.000000 0.000000 0.000000 1.023520 2.000000
87.000000 17.000000 0.000000 1.259170 3.000000
74.000000 32.000000 0.000000 1.256440 3.000000
352.000000 0.000000 0.000000 1.058710 2.000000
353.000000 37.000000 0.000000 1.142910 3.000000
89.000000 49.000000 0.000000 1.017540 2.000000
117.000000 49.000000 0.000000 1.028630 2.000000
101.000000 32.000000 0.000000 1.251670 3.000000
131.000000 0.000000 0.000000 1.030400 2.000000
115.000000 16.000000 0.000000 1.234350 3.000000
340.000000 49.000000 0.000000 1.057100 2.000000
143.000000 49.000000 0.000000 1.032480 2.000000
129.000000 34.000000 0.000000 1.220680 3.000000
339.000000 12.000000 0.000000 1.145810 3.000000
156.000000 0.000000 0.000000 1.033260 2.000000
143.000000 14.000000 0.000000 1.208100 3.000000
171.000000 49.000000 0.000000 1.033940 2.000000
157.000000 35.000000 0.000000 1.202000 3.000000
325.000000 0.000000 0.000000 1.054330 2.000000
184.000000 0.000000 0.000000 1.034210 2.000000
171.000000 13.000000 0.000000 1.193350 3.000000
199.000000 49.000000 0.000000 1.036030 2.000000
185.000000 36.000000 0.000000 1.190950 3.000000
325.000000 37.000000 0.000000 1.152130 3.000000
312.000000 49.000000 0.000000 1.052260 2.000000
212.000000 0.000000 0.000000 1.036880 2.000000
199.000000 13.000000 0.000000 1.186530 3.000000
311.000000 12.000000 0.000000 1.155190 3.000000
227.000000 49.000000 0.000000 1.039270 2.000000
213.000000 36.000000 0.000000 1.183870 3.000000
240.000000 0.000000 0.000000 1.041440 2.000000
227.000000 13.000000 0.000000 1.177660 3.000000
297.000000 0.000000 0.000000 1.050360 2.000000
297.000000 37.000000 0.000000 1.160800 3.000000
256.000000 49.000000 0.000000 1.043490 2.000000
241.000000 36.000000 0.000000 1.174450 3.000000
268.000000 0.000000 0.000000 1.045660 2.000000
255.000000 12.000000 0.000000 1.170580 3.000000
284.000000 49.000000 0.000000 1.048440 2.000000
283.000000 12.000000 0.000000 1.163520 3.000000
269.000000 37.000000 0.000000 1.168420 3.000000
75.000000 0.000000 0.000000 1.012540 2.000000
23.000000 23.000000 0.000000 0.000000 0.000000
