37.000000 43.000000 0.000000 1.097890 2.000000
25.000000 29.000000 0.000000 1.414630 3.000000
50.000000 0.000000 0.000000 1.040000 2.000000
36.000000 19.000000 0.000000 1.403100 3.000000
383.000000 0.000000 0.000000 1.064950 2.000000
397.000000 11.000000 0.000000 1.133700 3.000000
47.000000 31.000000 0.000000 1.370400 3.000000
368.000000 49.000000 0.000000 1.061600 2.000000
383.000000 38.000000 0.000000 1.134710 3.000000
55.000000 23.000000 0.000000 1.025050 2.000000
62.000000 17.000000 0.000000 1.310420 3.000000
369.000000 11.000000 0.000000 1.137090 3.000000
106.000000 0.000000 0.000000 1.024720 2.000000
89.000000 17.000000 0.000000 1.257410 3.000000
69.000000 25.000000 0.000000 1.018480 2.000000
75.000000 31.000000 0.000000 1.253540 3.000000
355.000000 0.000000 0.000000 1.059240 2.000000
355.000000 37.000000 0.000000 1.142530 3.000000
119.000000 49.000000 0.000000 1.028890 2.000000
104.000000 32.000000 0.000000 1.246520 3.000000
91.000000 49.000000 0.000000 1.017270 2.000000
134.000000 0.000000 0.000000 1.030460 2.000000
118.000000 16.000000 0.000000 1.230440 3.000000
342.000000 49.000000 0.000000 1.057700 2.000000
341.000000 12.000000 0.000000 1.145210 3.000000
146.000000 49.000000 0.000000 1.032100 2.000000
132.000000 34.000000 0.000000 1.218010 3.000000
159.000000 0.000000 0.000000 1.032800 2.000000
146.000000 14.000000 0.000000 1.206420 3.000000
174.000000 49.000000 0.000000 1.034490 2.000000
160.000000 35.000000 0.000000 1.200630 3.000000
187.000000 0.000000 0.000000 1.034040 2.000000
174.000000 13.000000 0.000000 1.192610 3.000000
327.000000 0.000000 0.000000 1.054770 2.000000
327.000000 37.000000 0.000000 1.151180 3.000000
202.000000 49.000000 0.000000 1.036210 2.000000
188.000000 36.000000 0.000000 1.190300 3.000000
315.000000 49.000000 0.000000 1.052850 2.000000
313.000000 12.000000 0.000000 1.154270 3.000000
215.000000 0.000000 0.000000 1.036760 2.000000
202.000000 13.000000 0.000000 1.185520 3.000000
230.000000 49.000000 0.000000 1.039560 2.000000
216.000000 36.000000 0.000000 1.182870 3.000000
243.000000 0.000000 0.000000 1.041520 2.000000
230.000000 13.000000 0.000000 1.176560 3.000000
300.000000 0.000000 0.000000 1.050730 2.000000
259.000000 49.000000 0.000000 1.043950 2.000000
244.000000 36.000000 0.000000 1.173390 3.000000
300.000000 37.000000 0.000000 1.159660 3.000000
271.000000 0.000000 0.000000 1.045910 2.000000
258.000000 12.000000 0.000000 1.169930 3.000000
287.000000 49.000000 0.000000 1.048940 2.000000
272.000000 37.000000 0.000000 1.167670 3.000000
286.000000 12.000000 0.000000 1.162460 3.000000
78.000000 0.000000 0.000000 1.013030 2.000000
23.000000 23.000000 0.000000 0.000000 0.000000
