37.000000 43.000000 0.000000 1.094140 2.000000
25.000000 29.000000 0.000000 1.420390 3.000000
50.000000 0.000000 0.000000 1.038080 2.000000
36.000000 19.000000 0.000000 1.400780 3.000000
48.000000 31.000000 0.000000 1.371020 3.000000
383.000000 0.000000 0.000000 1.062030 2.000000
398.000000 11.000000 0.000000 1.130320 3.000000
63.000000 17.000000 0.000000 1.306480 3.000000
371.000000 49.000000 0.000000 1.059940 2.000000
384.000000 37.000000 0.000000 1.131760 3.000000
56.000000 24.000000 0.000000 1.032580 2.000000
106.000000 0.000000 0.000000 1.024950 2.000000
90.000000 17.000000 0.000000 1.256580 3.000000
370.000000 11.000000 0.000000 1.136020 3.000000
93.000000 49.000000 0.000000 1.018890 2.000000
76.000000 31.000000 0.000000 1.253490 3.000000
69.000000 25.000000 0.000000 1.015310 2.000000
356.000000 0.000000 0.000000 1.058310 2.000000
121.000000 49.000000 0.000000 1.029080 2.000000
105.000000 32.000000 0.000000 1.243800 3.000000
356.000000 37.000000 0.000000 1.142160 3.000000
134.000000 0.000000 0.000000 1.030260 2.000000
119.000000 16.000000 0.000000 1.228230 3.000000
147.000000 49.000000 0.000000 1.032160 2.000000
133.000000 34.000000 0.000000 1.216300 3.000000
159.000000 0.000000 0.000000 1.033110 2.000000
147.000000 14.000000 0.000000 1.205570 3.000000
174.000000 49.000000 0.000000 1.034040 2.000000
161.000000 35.000000 0.000000 1.199630 3.000000
187.000000 0.000000 0.000000 1.034600 2.000000
175.000000 13.000000 0.000000 1.192310 3.000000
343.000000 49.000000 0.000000 1.056710 2.000000
342.000000 12.000000 0.000000 1.145500 3.000000
203.000000 49.000000 0.000000 1.036080 2.000000
189.000000 36.000000 0.000000 1.189760 3.000000
328.000000 0.000000 0.000000 1.055920 2.000000
328.000000 37.000000 0.000000 1.151430 3.000000
216.000000 0.000000 0.000000 1.038370 2.000000
203.000000 13.000000 0.000000 1.184550 3.000000
231.000000 49.000000 0.000000 1.040250 2.000000
217.000000 36.000000 0.000000 1.182600 3.000000
246.000000 0.000000 0.000000 1.042240 2.000000
231.000000 12.000000 0.000000 1.176370 3.000000
259.000000 49.000000 0.000000 1.044490 2.000000
244.000000 36.000000 0.000000 1.174330 3.000000
274.000000 0.000000 0.000000 1.047140 2.000000
259.000000 12.000000 0.000000 1.169960 3.000000
315.000000 49.000000 0.000000 1.054320 2.000000
314.000000 12.000000 0.000000 1.154390 3.000000
287.000000 49.000000 0.000000 1.049240 2.000000
272.000000 37.000000 0.000000 1.167480 3.000000
302.000000 0.000000 0.000000 1.051350 2.000000
286.000000 12.000000 0.000000 1.163490 3.000000
300.000000 37.000000 0.000000 1.160380 3.000000
78.000000 0.000000 0.000000 1.012130 2.000000
23.000000 23.000000 0.000000 0.000000 0.000000
