33.000000 17.000000 0.000000 1.195160 2.000000
42.000000 19.000000 0.000000 1.373560 3.000000
44.000000 49.000000 0.000000 1.062460 2.000000
25.000000 29.000000 0.000000 1.405610 3.000000
31.000000 25.000000 0.000000 0.322728 2.000000
31.000000 24.000000 0.000000 0.364229 3.000000
389.000000 0.000000 0.000000 1.065690 2.000000
399.000000 11.000000 0.000000 1.104930 3.000000
55.000000 31.000000 0.000000 1.346460 3.000000
376.000000 11.000000 0.000000 1.134420 3.000000
25.000000 20.000000 0.000000 1.339130 3.000000
56.000000 0.000000 0.000000 1.023710 2.000000
362.000000 0.000000 0.000000 1.059820 2.000000
377.000000 49.000000 0.000000 1.063210 2.000000
390.000000 38.000000 0.000000 1.134730 3.000000
62.000000 24.000000 0.000000 1.030920 2.000000
70.000000 16.000000 0.000000 1.275120 3.000000
362.000000 37.000000 0.000000 1.140420 3.000000
99.000000 49.000000 0.000000 1.021390 2.000000
82.000000 31.000000 0.000000 1.258240 3.000000
349.000000 49.000000 0.000000 1.058300 2.000000
348.000000 12.000000 0.000000 1.142770 3.000000
84.000000 0.000000 0.000000 1.014010 2.000000
112.000000 0.000000 0.000000 1.027390 2.000000
97.000000 17.000000 0.000000 1.253670 3.000000
127.000000 49.000000 0.000000 1.030510 2.000000
111.000000 33.000000 0.000000 1.239420 3.000000
334.000000 0.000000 0.000000 1.055800 2.000000
334.000000 37.000000 0.000000 1.148900 3.000000
321.000000 49.000000 0.000000 1.053460 2.000000
140.000000 0.000000 0.000000 1.031270 2.000000
125.000000 15.000000 0.000000 1.222390 3.000000
153.000000 49.000000 0.000000 1.032750 2.000000
139.000000 34.000000 0.000000 1.212890 3.000000
320.000000 12.000000 0.000000 1.151940 3.000000
166.000000 0.000000 0.000000 1.033730 2.000000
153.000000 14.000000 0.000000 1.203240 3.000000
308.000000 0.000000 0.000000 1.052040 2.000000
307.000000 37.000000 0.000000 1.157660 3.000000
181.000000 49.000000 0.000000 1.034000 2.000000
167.000000 35.000000 0.000000 1.197140 3.000000
194.000000 0.000000 0.000000 1.035300 2.000000
181.000000 13.000000 0.000000 1.190720 3.000000
293.000000 49.000000 0.000000 1.049950 2.000000
209.000000 49.000000 0.000000 1.036700 2.000000
195.000000 36.000000 0.000000 1.188560 3.000000
224.000000 0.000000 0.000000 1.038660 2.000000
209.000000 13.000000 0.000000 1.183640 3.000000
293.000000 12.000000 0.000000 1.160310 3.000000
237.000000 49.000000 0.000000 1.040230 2.000000
223.000000 36.000000 0.000000 1.180890 3.000000
280.000000 0.000000 0.000000 1.047110 2.000000
252.000000 0.000000 0.000000 1.043120 2.000000
237.000000 12.000000 0.000000 1.174750 3.000000
265.000000 49.000000 0.000000 1.044820 2.000000
251.000000 37.000000 0.000000 1.171990 3.000000
279.000000 37.000000 0.000000 1.166290 3.000000
265.000000 12.000000 0.000000 1.168520 3.000000
69.000000 49.000000 0.000000 1.013140 2.000000
23.000000 23.000000 0.000000 0.000000 0.000000
