50.000000 0.000000 0.000000 1.048330 2.000000
34.000000 19.000000 0.000000 1.407210 3.000000
37.000000 37.000000 0.000000 1.118810 2.000000
25.000000 29.000000 0.000000 1.394770 3.000000
46.000000 30.000000 0.000000 1.369480 3.000000
33.000000 27.000000 0.000000 0.482073 2.000000
33.000000 25.000000 0.000000 0.542386 3.000000
380.000000 0.000000 0.000000 1.060710 2.000000
395.000000 11.000000 0.000000 1.128250 3.000000
368.000000 49.000000 0.000000 1.058980 2.000000
381.000000 37.000000 0.000000 1.131350 3.000000
60.000000 17.000000 0.000000 1.327860 3.000000
62.000000 49.000000 0.000000 1.019110 2.000000
103.000000 0.000000 0.000000 1.023130 2.000000
88.000000 17.000000 0.000000 1.256960 3.000000
367.000000 11.000000 0.000000 1.136690 3.000000
353.000000 0.000000 0.000000 1.057960 2.000000
67.000000 25.000000 0.000000 1.023180 2.000000
75.000000 32.000000 0.000000 1.253340 3.000000
353.000000 37.000000 0.000000 1.143110 3.000000
118.000000 49.000000 0.000000 1.028340 2.000000
102.000000 32.000000 0.000000 1.248790 3.000000
131.000000 0.000000 0.000000 1.030170 2.000000
116.000000 16.000000 0.000000 1.232220 3.000000
340.000000 49.000000 0.000000 1.056410 2.000000
90.000000 49.000000 0.000000 1.017490 2.000000
339.000000 12.000000 0.000000 1.146680 3.000000
144.000000 49.000000 0.000000 1.032370 2.000000
130.000000 34.000000 0.000000 1.218960 3.000000
159.000000 0.000000 0.000000 1.033100 2.000000
144.000000 14.000000 0.000000 1.207240 3.000000
171.000000 49.000000 0.000000 1.033940 2.000000
158.000000 35.000000 0.000000 1.201460 3.000000
327.000000 0.000000 0.000000 1.055610 2.000000
325.000000 37.000000 0.000000 1.152610 3.000000
184.000000 0.000000 0.000000 1.034640 2.000000
172.000000 13.000000 0.000000 1.193450 3.000000
199.000000 49.000000 0.000000 1.036270 2.000000
186.000000 36.000000 0.000000 1.190970 3.000000
312.000000 49.000000 0.000000 1.054100 2.000000
212.000000 0.000000 0.000000 1.038470 2.000000
200.000000 13.000000 0.000000 1.185850 3.000000
311.000000 12.000000 0.000000 1.155520 3.000000
299.000000 0.000000 0.000000 1.050970 2.000000
228.000000 49.000000 0.000000 1.040380 2.000000
214.000000 36.000000 0.000000 1.183980 3.000000
243.000000 0.000000 0.000000 1.042100 2.000000
228.000000 13.000000 0.000000 1.177720 3.000000
297.000000 37.000000 0.000000 1.161460 3.000000
256.000000 49.000000 0.000000 1.044450 2.000000
241.000000 36.000000 0.000000 1.175420 3.000000
271.000000 0.000000 0.000000 1.046840 2.000000
256.000000 12.000000 0.000000 1.170910 3.000000
284.000000 49.000000 0.000000 1.049160 2.000000
270.000000 37.000000 0.000000 1.168430 3.000000
283.000000 12.000000 0.000000 1.164440 3.000000
75.000000 0.000000 0.000000 1.011560 2.000000
23.000000 23.000000 0.000000 0.000000 0.000000
