37.000000 6.000000 0.000000 1.099350 2.000000
25.000000 20.000000 0.000000 1.408340 3.000000
383.000000 49.000000 0.000000 1.062160 2.000000
397.000000 38.000000 0.000000 1.131080 3.000000
368.000000 0.000000 0.000000 1.059040 2.000000
383.000000 11.000000 0.000000 1.131380 3.000000
50.000000 49.000000 0.000000 1.041150 2.000000
35.000000 30.000000 0.000000 1.404200 3.000000
369.000000 37.000000 0.000000 1.137560 3.000000
47.000000 18.000000 0.000000 1.369040 3.000000
355.000000 49.000000 0.000000 1.057870 2.000000
355.000000 12.000000 0.000000 1.140610 3.000000
62.000000 32.000000 0.000000 1.315000 3.000000
340.000000 0.000000 0.000000 1.057330 2.000000
341.000000 37.000000 0.000000 1.146880 3.000000
55.000000 25.000000 0.000000 1.027600 2.000000
106.000000 49.000000 0.000000 1.024900 2.000000
89.000000 32.000000 0.000000 1.258680 3.000000
327.000000 49.000000 0.000000 1.056530 2.000000
327.000000 12.000000 0.000000 1.149990 3.000000
68.000000 24.000000 0.000000 1.017050 2.000000
75.000000 18.000000 0.000000 1.249780 3.000000
315.000000 0.000000 0.000000 1.053380 2.000000
119.000000 0.000000 0.000000 1.029370 2.000000
103.000000 17.000000 0.000000 1.244900 3.000000
133.000000 49.000000 0.000000 1.030970 2.000000
117.000000 33.000000 0.000000 1.231070 3.000000
91.000000 0.000000 0.000000 1.016330 2.000000
146.000000 0.000000 0.000000 1.031900 2.000000
131.000000 15.000000 0.000000 1.216870 3.000000
159.000000 49.000000 0.000000 1.033240 2.000000
145.000000 35.000000 0.000000 1.206810 3.000000
172.000000 0.000000 0.000000 1.034440 2.000000
159.000000 14.000000 0.000000 1.199350 3.000000
187.000000 49.000000 0.000000 1.034320 2.000000
173.000000 35.000000 0.000000 1.193650 3.000000
202.000000 0.000000 0.000000 1.036220 2.000000
187.000000 13.000000 0.000000 1.189200 3.000000
215.000000 49.000000 0.000000 1.037760 2.000000
201.000000 36.000000 0.000000 1.186610 3.000000
230.000000 0.000000 0.000000 1.040420 2.000000
215.000000 13.000000 0.000000 1.181260 3.000000
243.000000 49.000000 0.000000 1.042270 2.000000
229.000000 36.000000 0.000000 1.178840 3.000000
258.000000 0.000000 0.000000 1.044040 2.000000
243.000000 12.000000 0.000000 1.173190 3.000000
271.000000 49.000000 0.000000 1.046580 2.000000
257.000000 37.000000 0.000000 1.171330 3.000000
287.000000 0.000000 0.000000 1.049000 2.000000
271.000000 12.000000 0.000000 1.167150 3.000000
299.000000 49.000000 0.000000 1.051330 2.000000
285.000000 37.000000 0.000000 1.164450 3.000000
299.000000 12.000000 0.000000 1.159280 3.000000
313.000000 37.000000 0.000000 1.156400 3.000000
78.000000 49.000000 0.000000 1.012980 2.000000
23.000000 23.000000 0.000000 0.000000 0.000000
