33.000000 18.000000 0.000000 1.217120 2.000000
41.000000 19.000000 0.000000 1.375440 3.000000
44.000000 49.000000 0.000000 1.067500 2.000000
25.000000 29.000000 0.000000 1.412810 3.000000
387.000000 0.000000 0.000000 1.066080 2.000000
399.000000 11.000000 0.000000 1.114970 3.000000
54.000000 31.000000 0.000000 1.352750 3.000000
374.000000 49.000000 0.000000 1.063090 2.000000
389.000000 37.000000 0.000000 1.135540 3.000000
25.000000 20.000000 0.000000 1.331140 3.000000
56.000000 0.000000 0.000000 1.026680 2.000000
60.000000 24.000000 0.000000 1.033170 2.000000
69.000000 16.000000 0.000000 1.277120 3.000000
375.000000 11.000000 0.000000 1.135630 3.000000
97.000000 49.000000 0.000000 1.020480 2.000000
81.000000 31.000000 0.000000 1.257430 3.000000
112.000000 0.000000 0.000000 1.027370 2.000000
96.000000 17.000000 0.000000 1.254540 3.000000
84.000000 0.000000 0.000000 1.013420 2.000000
361.000000 0.000000 0.000000 1.059260 2.000000
361.000000 37.000000 0.000000 1.141080 3.000000
125.000000 49.000000 0.000000 1.030190 2.000000
110.000000 33.000000 0.000000 1.240220 3.000000
140.000000 0.000000 0.000000 1.031660 2.000000
124.000000 15.000000 0.000000 1.222920 3.000000
346.000000 49.000000 0.000000 1.057530 2.000000
153.000000 49.000000 0.000000 1.032730 2.000000
138.000000 34.000000 0.000000 1.213440 3.000000
165.000000 0.000000 0.000000 1.032920 2.000000
152.000000 14.000000 0.000000 1.204000 3.000000
347.000000 12.000000 0.000000 1.143410 3.000000
180.000000 49.000000 0.000000 1.034270 2.000000
166.000000 35.000000 0.000000 1.197730 3.000000
193.000000 0.000000 0.000000 1.034530 2.000000
180.000000 13.000000 0.000000 1.191350 3.000000
334.000000 0.000000 0.000000 1.055870 2.000000
209.000000 49.000000 0.000000 1.036370 2.000000
194.000000 36.000000 0.000000 1.188720 3.000000
333.000000 37.000000 0.000000 1.148870 3.000000
221.000000 0.000000 0.000000 1.038210 2.000000
208.000000 13.000000 0.000000 1.183220 3.000000
237.000000 49.000000 0.000000 1.040450 2.000000
222.000000 36.000000 0.000000 1.180960 3.000000
250.000000 0.000000 0.000000 1.041960 2.000000
236.000000 12.000000 0.000000 1.174690 3.000000
321.000000 49.000000 0.000000 1.054510 2.000000
319.000000 12.000000 0.000000 1.151580 3.000000
265.000000 49.000000 0.000000 1.044130 2.000000
250.000000 37.000000 0.000000 1.172310 3.000000
278.000000 0.000000 0.000000 1.046890 2.000000
264.000000 12.000000 0.000000 1.168060 3.000000
293.000000 49.000000 0.000000 1.048990 2.000000
278.000000 37.000000 0.000000 1.165380 3.000000
306.000000 0.000000 0.000000 1.051200 2.000000
292.000000 12.000000 0.000000 1.160590 3.000000
306.000000 37.000000 0.000000 1.157750 3.000000
69.000000 49.000000 0.000000 1.012800 2.000000
23.000000 23.000000 0.000000 0.000000 0.000000
