38.000000 6.000000 0.000000 1.087640 2.000000
25.000000 20.000000 0.000000 1.423290 3.000000
384.000000 49.000000 0.000000 1.064210 2.000000
399.000000 38.000000 0.000000 1.128380 3.000000
371.000000 0.000000 0.000000 1.060660 2.000000
385.000000 11.000000 0.000000 1.130400 3.000000
29.000000 31.000000 0.000000 1.291520 2.000000
37.000000 30.000000 0.000000 1.394690 3.000000
50.000000 18.000000 0.000000 1.370470 3.000000
27.000000 30.000000 0.000000 1.323840 3.000000
50.000000 49.000000 0.000000 1.034350 2.000000
57.000000 25.000000 0.000000 1.034850 2.000000
371.000000 37.000000 0.000000 1.136750 3.000000
358.000000 49.000000 0.000000 1.059570 2.000000
65.000000 32.000000 0.000000 1.299700 3.000000
357.000000 12.000000 0.000000 1.139590 3.000000
109.000000 49.000000 0.000000 1.025680 2.000000
92.000000 32.000000 0.000000 1.261170 3.000000
63.000000 0.000000 0.000000 1.015900 2.000000
343.000000 0.000000 0.000000 1.057650 2.000000
344.000000 37.000000 0.000000 1.146100 3.000000
94.000000 0.000000 0.000000 1.019390 2.000000
78.000000 18.000000 0.000000 1.254160 3.000000
122.000000 0.000000 0.000000 1.028960 2.000000
106.000000 16.000000 0.000000 1.244080 3.000000
330.000000 49.000000 0.000000 1.056450 2.000000
330.000000 12.000000 0.000000 1.148980 3.000000
134.000000 49.000000 0.000000 1.030750 2.000000
120.000000 33.000000 0.000000 1.229770 3.000000
149.000000 0.000000 0.000000 1.032530 2.000000
134.000000 15.000000 0.000000 1.216240 3.000000
316.000000 0.000000 0.000000 1.053610 2.000000
316.000000 37.000000 0.000000 1.155320 3.000000
162.000000 49.000000 0.000000 1.033590 2.000000
148.000000 35.000000 0.000000 1.207120 3.000000
175.000000 0.000000 0.000000 1.034250 2.000000
162.000000 14.000000 0.000000 1.198400 3.000000
190.000000 49.000000 0.000000 1.035140 2.000000
176.000000 36.000000 0.000000 1.193440 3.000000
302.000000 49.000000 0.000000 1.051670 2.000000
302.000000 12.000000 0.000000 1.158460 3.000000
203.000000 0.000000 0.000000 1.036190 2.000000
190.000000 13.000000 0.000000 1.189250 3.000000
218.000000 49.000000 0.000000 1.038090 2.000000
204.000000 36.000000 0.000000 1.186630 3.000000
289.000000 0.000000 0.000000 1.049790 2.000000
288.000000 37.000000 0.000000 1.164460 3.000000
231.000000 0.000000 0.000000 1.041030 2.000000
218.000000 13.000000 0.000000 1.181190 3.000000
246.000000 49.000000 0.000000 1.042790 2.000000
232.000000 36.000000 0.000000 1.177640 3.000000
261.000000 0.000000 0.000000 1.045140 2.000000
246.000000 12.000000 0.000000 1.173270 3.000000
274.000000 49.000000 0.000000 1.047980 2.000000
260.000000 37.000000 0.000000 1.171270 3.000000
274.000000 12.000000 0.000000 1.166430 3.000000
78.000000 49.000000 0.000000 1.013070 2.000000
23.000000 23.000000 0.000000 0.000000 0.000000
