38.000000 43.000000 0.000000 1.080950 2.000000
25.000000 29.000000 0.000000 1.423720 3.000000
31.000000 18.000000 0.000000 1.270180 2.000000
39.000000 19.000000 0.000000 1.386930 3.000000
52.000000 31.000000 0.000000 1.358710 3.000000
386.000000 0.000000 0.000000 1.062810 2.000000
399.000000 11.000000 0.000000 1.125630 3.000000
25.000000 20.000000 0.000000 1.319470 3.000000
50.000000 0.000000 0.000000 1.032920 2.000000
374.000000 49.000000 0.000000 1.060930 2.000000
387.000000 38.000000 0.000000 1.132230 3.000000
59.000000 23.000000 0.000000 1.033450 2.000000
67.000000 17.000000 0.000000 1.289850 3.000000
96.000000 49.000000 0.000000 1.020500 2.000000
79.000000 31.000000 0.000000 1.255800 3.000000
373.000000 11.000000 0.000000 1.135070 3.000000
109.000000 0.000000 0.000000 1.025980 2.000000
93.000000 17.000000 0.000000 1.255120 3.000000
68.000000 49.000000 0.000000 1.015170 2.000000
359.000000 0.000000 0.000000 1.058480 2.000000
359.000000 37.000000 0.000000 1.141260 3.000000
123.000000 49.000000 0.000000 1.029650 2.000000
108.000000 33.000000 0.000000 1.240880 3.000000
137.000000 0.000000 0.000000 1.031590 2.000000
122.000000 16.000000 0.000000 1.224680 3.000000
346.000000 49.000000 0.000000 1.056920 2.000000
345.000000 12.000000 0.000000 1.144300 3.000000
150.000000 49.000000 0.000000 1.033150 2.000000
136.000000 34.000000 0.000000 1.214370 3.000000
162.000000 0.000000 0.000000 1.033630 2.000000
150.000000 14.000000 0.000000 1.204510 3.000000
331.000000 0.000000 0.000000 1.056050 2.000000
331.000000 37.000000 0.000000 1.150190 3.000000
177.000000 49.000000 0.000000 1.034320 2.000000
164.000000 35.000000 0.000000 1.198400 3.000000
190.000000 0.000000 0.000000 1.035090 2.000000
178.000000 13.000000 0.000000 1.191690 3.000000
318.000000 49.000000 0.000000 1.054510 2.000000
317.000000 12.000000 0.000000 1.153140 3.000000
206.000000 49.000000 0.000000 1.036410 2.000000
192.000000 36.000000 0.000000 1.189170 3.000000
305.000000 0.000000 0.000000 1.051690 2.000000
219.000000 0.000000 0.000000 1.038800 2.000000
206.000000 13.000000 0.000000 1.183820 3.000000
234.000000 49.000000 0.000000 1.040660 2.000000
220.000000 36.000000 0.000000 1.181830 3.000000
249.000000 0.000000 0.000000 1.042730 2.000000
234.000000 12.000000 0.000000 1.175690 3.000000
262.000000 49.000000 0.000000 1.044730 2.000000
247.000000 36.000000 0.000000 1.173460 3.000000
303.000000 37.000000 0.000000 1.159110 3.000000
277.000000 0.000000 0.000000 1.047400 2.000000
262.000000 12.000000 0.000000 1.169210 3.000000
290.000000 49.000000 0.000000 1.049290 2.000000
276.000000 37.000000 0.000000 1.166450 3.000000
289.000000 12.000000 0.000000 1.162100 3.000000
81.000000 0.000000 0.000000 1.013080 2.000000
23.000000 23.000000 0.000000 0.000000 0.000000
