25.000000 19.000000 0.000000 1.363350 2.000000
25.000000 20.000000 0.000000 1.402700 3.000000
31.000000 19.000000 0.000000 1.400610 3.000000
33.000000 32.000000 0.000000 1.196960 2.000000
41.000000 30.000000 0.000000 1.373950 3.000000
30.000000 24.000000 0.000000 0.324748 2.000000
31.000000 25.000000 0.000000 0.360908 3.000000
44.000000 0.000000 0.000000 1.062680 2.000000
390.000000 49.000000 0.000000 1.063210 2.000000
399.000000 38.000000 0.000000 1.101850 3.000000
55.000000 18.000000 0.000000 1.346770 3.000000
377.000000 0.000000 0.000000 1.061430 2.000000
390.000000 11.000000 0.000000 1.131120 3.000000
25.000000 29.000000 0.000000 1.341040 3.000000
376.000000 37.000000 0.000000 1.134470 3.000000
56.000000 49.000000 0.000000 1.023890 2.000000
61.000000 25.000000 0.000000 1.034250 2.000000
362.000000 49.000000 0.000000 1.059290 2.000000
70.000000 33.000000 0.000000 1.274470 3.000000
362.000000 11.000000 0.000000 1.138610 3.000000
98.000000 0.000000 0.000000 1.021810 2.000000
82.000000 18.000000 0.000000 1.256220 3.000000
349.000000 0.000000 0.000000 1.057340 2.000000
348.000000 37.000000 0.000000 1.144500 3.000000
84.000000 49.000000 0.000000 1.013860 2.000000
113.000000 49.000000 0.000000 1.027550 2.000000
97.000000 32.000000 0.000000 1.254770 3.000000
334.000000 49.000000 0.000000 1.055790 2.000000
334.000000 12.000000 0.000000 1.147820 3.000000
126.000000 0.000000 0.000000 1.030350 2.000000
111.000000 16.000000 0.000000 1.237720 3.000000
140.000000 49.000000 0.000000 1.031860 2.000000
125.000000 33.000000 0.000000 1.222900 3.000000
321.000000 0.000000 0.000000 1.053950 2.000000
320.000000 37.000000 0.000000 1.153420 3.000000
308.000000 49.000000 0.000000 1.053050 2.000000
153.000000 0.000000 0.000000 1.032600 2.000000
139.000000 15.000000 0.000000 1.211690 3.000000
306.000000 12.000000 0.000000 1.156130 3.000000
165.000000 49.000000 0.000000 1.034050 2.000000
153.000000 35.000000 0.000000 1.204320 3.000000
181.000000 0.000000 0.000000 1.034230 2.000000
167.000000 14.000000 0.000000 1.195980 3.000000
293.000000 0.000000 0.000000 1.049110 2.000000
293.000000 37.000000 0.000000 1.162340 3.000000
194.000000 49.000000 0.000000 1.035710 2.000000
181.000000 36.000000 0.000000 1.192210 3.000000
209.000000 0.000000 0.000000 1.036630 2.000000
195.000000 13.000000 0.000000 1.187220 3.000000
280.000000 49.000000 0.000000 1.048010 2.000000
279.000000 12.000000 0.000000 1.165330 3.000000
222.000000 49.000000 0.000000 1.039760 2.000000
209.000000 36.000000 0.000000 1.185270 3.000000
237.000000 0.000000 0.000000 1.040120 2.000000
223.000000 13.000000 0.000000 1.179460 3.000000
265.000000 0.000000 0.000000 1.045010 2.000000
265.000000 37.000000 0.000000 1.169390 3.000000
252.000000 49.000000 0.000000 1.043550 2.000000
237.000000 36.000000 0.000000 1.176820 3.000000
251.000000 12.000000 0.000000 1.171870 3.000000
69.000000 0.000000 0.000000 1.012810 2.000000
23.000000 23.000000 0.000000 0.000000 0.000000
