44.000000 0.000000 0.000000 1.070800 2.000000
25.000000 20.000000 0.000000 1.413850 3.000000
33.000000 31.000000 0.000000 1.235700 2.000000
40.000000 30.000000 0.000000 1.380750 3.000000
387.000000 49.000000 0.000000 1.062530 2.000000
399.000000 38.000000 0.000000 1.114110 3.000000
53.000000 18.000000 0.000000 1.356670 3.000000
374.000000 0.000000 0.000000 1.060650 2.000000
388.000000 11.000000 0.000000 1.130480 3.000000
25.000000 29.000000 0.000000 1.329160 3.000000
56.000000 49.000000 0.000000 1.029440 2.000000
61.000000 25.000000 0.000000 1.030240 2.000000
374.000000 37.000000 0.000000 1.134720 3.000000
68.000000 33.000000 0.000000 1.281080 3.000000
361.000000 49.000000 0.000000 1.059130 2.000000
361.000000 11.000000 0.000000 1.138880 3.000000
112.000000 49.000000 0.000000 1.026900 2.000000
95.000000 32.000000 0.000000 1.257620 3.000000
84.000000 49.000000 0.000000 1.013910 2.000000
346.000000 0.000000 0.000000 1.057260 2.000000
347.000000 37.000000 0.000000 1.145070 3.000000
97.000000 0.000000 0.000000 1.019820 2.000000
81.000000 18.000000 0.000000 1.256490 3.000000
125.000000 0.000000 0.000000 1.029930 2.000000
109.000000 16.000000 0.000000 1.239840 3.000000
333.000000 49.000000 0.000000 1.055740 2.000000
333.000000 12.000000 0.000000 1.148320 3.000000
138.000000 49.000000 0.000000 1.032030 2.000000
123.000000 33.000000 0.000000 1.224810 3.000000
321.000000 0.000000 0.000000 1.054500 2.000000
319.000000 37.000000 0.000000 1.154270 3.000000
152.000000 0.000000 0.000000 1.032750 2.000000
137.000000 15.000000 0.000000 1.213020 3.000000
165.000000 49.000000 0.000000 1.033660 2.000000
151.000000 35.000000 0.000000 1.204990 3.000000
306.000000 49.000000 0.000000 1.052920 2.000000
305.000000 12.000000 0.000000 1.157030 3.000000
178.000000 0.000000 0.000000 1.034220 2.000000
165.000000 14.000000 0.000000 1.196560 3.000000
193.000000 49.000000 0.000000 1.034990 2.000000
179.000000 36.000000 0.000000 1.192190 3.000000
293.000000 0.000000 0.000000 1.049690 2.000000
291.000000 37.000000 0.000000 1.163220 3.000000
206.000000 0.000000 0.000000 1.037100 2.000000
193.000000 13.000000 0.000000 1.187370 3.000000
221.000000 49.000000 0.000000 1.039070 2.000000
207.000000 36.000000 0.000000 1.185420 3.000000
236.000000 0.000000 0.000000 1.041090 2.000000
221.000000 13.000000 0.000000 1.179980 3.000000
277.000000 49.000000 0.000000 1.047980 2.000000
277.000000 12.000000 0.000000 1.166020 3.000000
249.000000 49.000000 0.000000 1.043130 2.000000
235.000000 36.000000 0.000000 1.177360 3.000000
265.000000 0.000000 0.000000 1.045700 2.000000
249.000000 12.000000 0.000000 1.172230 3.000000
263.000000 37.000000 0.000000 1.169880 3.000000
69.000000 0.000000 0.000000 1.012970 2.000000
23.000000 23.000000 0.000000 0.000000 0.000000
