37.000000 37.000000 0.000000 1.104490 2.000000
25.000000 29.000000 0.000000 1.405890 3.000000
50.000000 0.000000 0.000000 1.043290 2.000000
35.000000 19.000000 0.000000 1.405770 3.000000
381.000000 0.000000 0.000000 1.061390 2.000000
396.000000 11.000000 0.000000 1.128300 3.000000
46.000000 31.000000 0.000000 1.370130 3.000000
368.000000 49.000000 0.000000 1.059290 2.000000
382.000000 37.000000 0.000000 1.131540 3.000000
55.000000 23.000000 0.000000 1.027160 2.000000
61.000000 17.000000 0.000000 1.317310 3.000000
368.000000 11.000000 0.000000 1.136360 3.000000
104.000000 0.000000 0.000000 1.023980 2.000000
89.000000 17.000000 0.000000 1.257360 3.000000
67.000000 25.000000 0.000000 1.019990 2.000000
355.000000 0.000000 0.000000 1.057900 2.000000
74.000000 31.000000 0.000000 1.251390 3.000000
354.000000 37.000000 0.000000 1.142480 3.000000
119.000000 49.000000 0.000000 1.028960 2.000000
103.000000 32.000000 0.000000 1.247730 3.000000
90.000000 49.000000 0.000000 1.016410 2.000000
340.000000 49.000000 0.000000 1.056420 2.000000
131.000000 0.000000 0.000000 1.030760 2.000000
117.000000 16.000000 0.000000 1.231510 3.000000
340.000000 12.000000 0.000000 1.145920 3.000000
146.000000 49.000000 0.000000 1.032420 2.000000
131.000000 34.000000 0.000000 1.218960 3.000000
327.000000 0.000000 0.000000 1.055200 2.000000
326.000000 37.000000 0.000000 1.151820 3.000000
159.000000 0.000000 0.000000 1.032930 2.000000
145.000000 14.000000 0.000000 1.207580 3.000000
172.000000 49.000000 0.000000 1.034130 2.000000
159.000000 35.000000 0.000000 1.201750 3.000000
187.000000 0.000000 0.000000 1.034530 2.000000
173.000000 13.000000 0.000000 1.193970 3.000000
312.000000 49.000000 0.000000 1.054460 2.000000
312.000000 12.000000 0.000000 1.154680 3.000000
200.000000 49.000000 0.000000 1.036540 2.000000
187.000000 36.000000 0.000000 1.191360 3.000000
215.000000 0.000000 0.000000 1.037670 2.000000
201.000000 13.000000 0.000000 1.186100 3.000000
299.000000 0.000000 0.000000 1.050660 2.000000
299.000000 37.000000 0.000000 1.160570 3.000000
228.000000 49.000000 0.000000 1.040760 2.000000
215.000000 36.000000 0.000000 1.184040 3.000000
243.000000 0.000000 0.000000 1.041320 2.000000
229.000000 13.000000 0.000000 1.177610 3.000000
284.000000 49.000000 0.000000 1.049480 2.000000
285.000000 12.000000 0.000000 1.163760 3.000000
256.000000 49.000000 0.000000 1.044820 2.000000
243.000000 36.000000 0.000000 1.175240 3.000000
271.000000 0.000000 0.000000 1.046470 2.000000
257.000000 12.000000 0.000000 1.170710 3.000000
271.000000 37.000000 0.000000 1.168140 3.000000
75.000000 0.000000 0.000000 1.012310 2.000000
23.000000 23.000000 0.000000 0.000000 0.000000
