37.000000 12.000000 0.000000 1.105870 2.000000
25.000000 20.000000 0.000000 1.402070 3.000000
50.000000 49.000000 0.000000 1.044120 2.000000
35.000000 30.000000 0.000000 1.406920 3.000000
34.000000 22.000000 0.000000 0.545109 2.000000
34.000000 24.000000 0.000000 0.578260 3.000000
383.000000 49.000000 0.000000 1.062160 2.000000
396.000000 38.000000 0.000000 1.130150 3.000000
46.000000 18.000000 0.000000 1.369670 3.000000
368.000000 0.000000 0.000000 1.058700 2.000000
382.000000 11.000000 0.000000 1.131620 3.000000
55.000000 25.000000 0.000000 1.019660 2.000000
61.000000 32.000000 0.000000 1.319730 3.000000
368.000000 37.000000 0.000000 1.138040 3.000000
68.000000 24.000000 0.000000 1.020380 2.000000
105.000000 49.000000 0.000000 1.023900 2.000000
88.000000 32.000000 0.000000 1.258460 3.000000
355.000000 49.000000 0.000000 1.057800 2.000000
75.000000 17.000000 0.000000 1.249550 3.000000
354.000000 12.000000 0.000000 1.140950 3.000000
118.000000 0.000000 0.000000 1.029020 2.000000
103.000000 17.000000 0.000000 1.245910 3.000000
340.000000 0.000000 0.000000 1.056750 2.000000
90.000000 0.000000 0.000000 1.015870 2.000000
340.000000 37.000000 0.000000 1.147010 3.000000
131.000000 49.000000 0.000000 1.031060 2.000000
117.000000 33.000000 0.000000 1.232510 3.000000
146.000000 0.000000 0.000000 1.032260 2.000000
131.000000 15.000000 0.000000 1.217840 3.000000
327.000000 49.000000 0.000000 1.055990 2.000000
326.000000 12.000000 0.000000 1.150100 3.000000
159.000000 49.000000 0.000000 1.033410 2.000000
145.000000 35.000000 0.000000 1.207650 3.000000
172.000000 0.000000 0.000000 1.034040 2.000000
159.000000 14.000000 0.000000 1.200490 3.000000
312.000000 0.000000 0.000000 1.053040 2.000000
312.000000 37.000000 0.000000 1.156340 3.000000
187.000000 49.000000 0.000000 1.034690 2.000000
173.000000 35.000000 0.000000 1.194710 3.000000
299.000000 49.000000 0.000000 1.050850 2.000000
200.000000 0.000000 0.000000 1.036090 2.000000
187.000000 13.000000 0.000000 1.190010 3.000000
298.000000 12.000000 0.000000 1.159070 3.000000
215.000000 49.000000 0.000000 1.037660 2.000000
201.000000 36.000000 0.000000 1.187460 3.000000
228.000000 0.000000 0.000000 1.040130 2.000000
215.000000 13.000000 0.000000 1.181690 3.000000
243.000000 49.000000 0.000000 1.041930 2.000000
229.000000 36.000000 0.000000 1.179240 3.000000
284.000000 0.000000 0.000000 1.048800 2.000000
285.000000 37.000000 0.000000 1.164160 3.000000
256.000000 0.000000 0.000000 1.043940 2.000000
243.000000 12.000000 0.000000 1.173400 3.000000
271.000000 49.000000 0.000000 1.046070 2.000000
257.000000 37.000000 0.000000 1.171400 3.000000
271.000000 12.000000 0.000000 1.166870 3.000000
77.000000 49.000000 0.000000 1.013720 2.000000
23.000000 23.000000 0.000000 0.000000 0.000000
