49.000000 49.000000 0.000000 1.049740 2.000000
34.000000 30.000000 0.000000 1.407860 3.000000
37.000000 12.000000 0.000000 1.122360 2.000000
25.000000 20.000000 0.000000 1.389010 3.000000
33.000000 22.000000 0.000000 0.464545 2.000000
33.000000 24.000000 0.000000 0.536277 3.000000
367.000000 0.000000 0.000000 1.060600 2.000000
381.000000 11.000000 0.000000 1.133320 3.000000
46.000000 19.000000 0.000000 1.367260 3.000000
60.000000 32.000000 0.000000 1.328580 3.000000
53.000000 25.000000 0.000000 1.022350 2.000000
103.000000 49.000000 0.000000 1.022440 2.000000
87.000000 32.000000 0.000000 1.260300 3.000000
66.000000 24.000000 0.000000 1.022990 2.000000
380.000000 49.000000 0.000000 1.064070 2.000000
395.000000 38.000000 0.000000 1.135510 3.000000
367.000000 37.000000 0.000000 1.139110 3.000000
75.000000 16.000000 0.000000 1.254080 3.000000
118.000000 0.000000 0.000000 1.028230 2.000000
101.000000 17.000000 0.000000 1.248150 3.000000
352.000000 49.000000 0.000000 1.058970 2.000000
353.000000 11.000000 0.000000 1.141740 3.000000
90.000000 0.000000 0.000000 1.017820 2.000000
131.000000 49.000000 0.000000 1.030370 2.000000
115.000000 33.000000 0.000000 1.233750 3.000000
144.000000 0.000000 0.000000 1.031880 2.000000
129.000000 15.000000 0.000000 1.218560 3.000000
156.000000 49.000000 0.000000 1.033360 2.000000
143.000000 35.000000 0.000000 1.207930 3.000000
340.000000 0.000000 0.000000 1.056270 2.000000
339.000000 37.000000 0.000000 1.147950 3.000000
171.000000 0.000000 0.000000 1.033550 2.000000
157.000000 14.000000 0.000000 1.199850 3.000000
184.000000 49.000000 0.000000 1.034360 2.000000
171.000000 35.000000 0.000000 1.194090 3.000000
199.000000 0.000000 0.000000 1.035470 2.000000
185.000000 13.000000 0.000000 1.188820 3.000000
325.000000 49.000000 0.000000 1.054620 2.000000
325.000000 12.000000 0.000000 1.150920 3.000000
212.000000 49.000000 0.000000 1.037870 2.000000
199.000000 36.000000 0.000000 1.186820 3.000000
228.000000 0.000000 0.000000 1.038730 2.000000
213.000000 13.000000 0.000000 1.181920 3.000000
243.000000 49.000000 0.000000 1.041730 2.000000
227.000000 36.000000 0.000000 1.178860 3.000000
312.000000 0.000000 0.000000 1.052460 2.000000
256.000000 0.000000 0.000000 1.043280 2.000000
241.000000 13.000000 0.000000 1.172990 3.000000
311.000000 37.000000 0.000000 1.156610 3.000000
271.000000 49.000000 0.000000 1.046130 2.000000
255.000000 37.000000 0.000000 1.170570 3.000000
284.000000 0.000000 0.000000 1.047510 2.000000
269.000000 12.000000 0.000000 1.167200 3.000000
299.000000 49.000000 0.000000 1.051180 2.000000
283.000000 37.000000 0.000000 1.164990 3.000000
297.000000 12.000000 0.000000 1.159030 3.000000
75.000000 49.000000 0.000000 1.012050 2.000000
23.000000 23.000000 0.000000 0.000000 0.000000
