44.000000 49.000000 0.000000 1.069560 2.000000
25.000000 29.000000 0.000000 1.415400 3.000000
387.000000 0.000000 0.000000 1.062130 2.000000
399.000000 11.000000 0.000000 1.111630 3.000000
374.000000 49.000000 0.000000 1.060930 2.000000
389.000000 38.000000 0.000000 1.131310 3.000000
33.000000 18.000000 0.000000 1.226950 2.000000
40.000000 19.000000 0.000000 1.376600 3.000000
53.000000 32.000000 0.000000 1.351890 3.000000
25.000000 20.000000 0.000000 1.328510 3.000000
56.000000 0.000000 0.000000 1.028110 2.000000
375.000000 11.000000 0.000000 1.133890 3.000000
60.000000 24.000000 0.000000 1.032970 2.000000
68.000000 16.000000 0.000000 1.277370 3.000000
361.000000 0.000000 0.000000 1.058370 2.000000
97.000000 49.000000 0.000000 1.020200 2.000000
81.000000 31.000000 0.000000 1.258560 3.000000
361.000000 37.000000 0.000000 1.140410 3.000000
346.000000 49.000000 0.000000 1.057230 2.000000
347.000000 12.000000 0.000000 1.143400 3.000000
84.000000 0.000000 0.000000 1.013500 2.000000
112.000000 0.000000 0.000000 1.027790 2.000000
95.000000 17.000000 0.000000 1.255050 3.000000
334.000000 0.000000 0.000000 1.056060 2.000000
333.000000 37.000000 0.000000 1.149450 3.000000
321.000000 49.000000 0.000000 1.055060 2.000000
125.000000 49.000000 0.000000 1.030350 2.000000
109.000000 33.000000 0.000000 1.239870 3.000000
138.000000 0.000000 0.000000 1.031920 2.000000
124.000000 16.000000 0.000000 1.222770 3.000000
319.000000 12.000000 0.000000 1.152350 3.000000
306.000000 0.000000 0.000000 1.051660 2.000000
305.000000 37.000000 0.000000 1.158530 3.000000
152.000000 49.000000 0.000000 1.033310 2.000000
138.000000 34.000000 0.000000 1.213410 3.000000
165.000000 0.000000 0.000000 1.033400 2.000000
152.000000 14.000000 0.000000 1.204040 3.000000
293.000000 49.000000 0.000000 1.049780 2.000000
291.000000 12.000000 0.000000 1.161380 3.000000
278.000000 0.000000 0.000000 1.047530 2.000000
178.000000 49.000000 0.000000 1.034560 2.000000
166.000000 35.000000 0.000000 1.197910 3.000000
277.000000 37.000000 0.000000 1.166150 3.000000
193.000000 0.000000 0.000000 1.034960 2.000000
180.000000 13.000000 0.000000 1.191560 3.000000
208.000000 49.000000 0.000000 1.037160 2.000000
194.000000 36.000000 0.000000 1.188980 3.000000
265.000000 49.000000 0.000000 1.045200 2.000000
263.000000 12.000000 0.000000 1.168630 3.000000
221.000000 0.000000 0.000000 1.038710 2.000000
208.000000 13.000000 0.000000 1.183440 3.000000
237.000000 49.000000 0.000000 1.041640 2.000000
222.000000 36.000000 0.000000 1.181330 3.000000
249.000000 0.000000 0.000000 1.042630 2.000000
250.000000 37.000000 0.000000 1.172820 3.000000
236.000000 12.000000 0.000000 1.175210 3.000000
69.000000 49.000000 0.000000 1.012920 2.000000
23.000000 23.000000 0.000000 0.000000 0.000000
