43.000000 7.000000 0.000000 1.076010 2.000000
25.000000 20.000000 0.000000 1.417910 3.000000
32.000000 31.000000 0.000000 1.254510 2.000000
39.000000 30.000000 0.000000 1.384230 3.000000
387.000000 49.000000 0.000000 1.063270 2.000000
399.000000 38.000000 0.000000 1.121240 3.000000
53.000000 18.000000 0.000000 1.354860 3.000000
374.000000 0.000000 0.000000 1.060930 2.000000
388.000000 11.000000 0.000000 1.131480 3.000000
25.000000 29.000000 0.000000 1.325160 3.000000
56.000000 49.000000 0.000000 1.032760 2.000000
59.000000 25.000000 0.000000 1.035620 2.000000
374.000000 37.000000 0.000000 1.135660 3.000000
67.000000 33.000000 0.000000 1.286150 3.000000
110.000000 49.000000 0.000000 1.026270 2.000000
94.000000 32.000000 0.000000 1.256940 3.000000
361.000000 49.000000 0.000000 1.059500 2.000000
360.000000 11.000000 0.000000 1.139580 3.000000
346.000000 0.000000 0.000000 1.056990 2.000000
346.000000 37.000000 0.000000 1.145610 3.000000
81.000000 49.000000 0.000000 1.013810 2.000000
333.000000 49.000000 0.000000 1.055590 2.000000
332.000000 12.000000 0.000000 1.148820 3.000000
97.000000 0.000000 0.000000 1.020830 2.000000
80.000000 18.000000 0.000000 1.255460 3.000000
318.000000 0.000000 0.000000 1.053770 2.000000
124.000000 0.000000 0.000000 1.029900 2.000000
108.000000 16.000000 0.000000 1.239220 3.000000
318.000000 37.000000 0.000000 1.154510 3.000000
137.000000 49.000000 0.000000 1.032050 2.000000
123.000000 33.000000 0.000000 1.225290 3.000000
150.000000 0.000000 0.000000 1.032860 2.000000
137.000000 15.000000 0.000000 1.213170 3.000000
305.000000 49.000000 0.000000 1.052530 2.000000
304.000000 12.000000 0.000000 1.157250 3.000000
165.000000 49.000000 0.000000 1.033930 2.000000
151.000000 35.000000 0.000000 1.205080 3.000000
178.000000 0.000000 0.000000 1.034080 2.000000
165.000000 14.000000 0.000000 1.196720 3.000000
290.000000 0.000000 0.000000 1.049160 2.000000
290.000000 37.000000 0.000000 1.163210 3.000000
193.000000 49.000000 0.000000 1.035120 2.000000
179.000000 36.000000 0.000000 1.192410 3.000000
206.000000 0.000000 0.000000 1.036420 2.000000
193.000000 13.000000 0.000000 1.187240 3.000000
221.000000 49.000000 0.000000 1.038820 2.000000
207.000000 36.000000 0.000000 1.185200 3.000000
277.000000 49.000000 0.000000 1.047450 2.000000
276.000000 12.000000 0.000000 1.165810 3.000000
234.000000 0.000000 0.000000 1.040090 2.000000
220.000000 13.000000 0.000000 1.179620 3.000000
262.000000 0.000000 0.000000 1.045050 2.000000
249.000000 49.000000 0.000000 1.042620 2.000000
234.000000 36.000000 0.000000 1.176990 3.000000
262.000000 37.000000 0.000000 1.169440 3.000000
248.000000 12.000000 0.000000 1.171760 3.000000
68.000000 0.000000 0.000000 1.013260 2.000000
23.000000 23.000000 0.000000 0.000000 0.000000
