44.000000 49.000000 0.000000 1.059260 2.000000
32.000000 30.000000 0.000000 1.402820 3.000000
34.000000 17.000000 0.000000 1.174570 2.000000
42.000000 19.000000 0.000000 1.373120 3.000000
31.000000 25.000000 0.000000 0.349873 2.000000
32.000000 23.000000 0.000000 0.401306 3.000000
390.000000 0.000000 0.000000 1.065520 2.000000
399.000000 11.000000 0.000000 1.095220 3.000000
25.000000 20.000000 0.000000 1.348520 3.000000
377.000000 11.000000 0.000000 1.134780 3.000000
56.000000 0.000000 0.000000 1.021370 2.000000
56.000000 31.000000 0.000000 1.342560 3.000000
62.000000 24.000000 0.000000 1.030400 2.000000
362.000000 0.000000 0.000000 1.059530 2.000000
377.000000 49.000000 0.000000 1.063130 2.000000
391.000000 38.000000 0.000000 1.134900 3.000000
71.000000 16.000000 0.000000 1.269820 3.000000
100.000000 49.000000 0.000000 1.022580 2.000000
83.000000 31.000000 0.000000 1.256910 3.000000
363.000000 37.000000 0.000000 1.140520 3.000000
114.000000 0.000000 0.000000 1.028220 2.000000
98.000000 17.000000 0.000000 1.252510 3.000000
84.000000 0.000000 0.000000 1.013770 2.000000
349.000000 49.000000 0.000000 1.057300 2.000000
128.000000 49.000000 0.000000 1.030570 2.000000
112.000000 33.000000 0.000000 1.238160 3.000000
349.000000 12.000000 0.000000 1.142850 3.000000
140.000000 0.000000 0.000000 1.031540 2.000000
126.000000 15.000000 0.000000 1.221260 3.000000
336.000000 0.000000 0.000000 1.056230 2.000000
153.000000 49.000000 0.000000 1.033080 2.000000
140.000000 34.000000 0.000000 1.211340 3.000000
335.000000 37.000000 0.000000 1.148520 3.000000
168.000000 0.000000 0.000000 1.033970 2.000000
154.000000 14.000000 0.000000 1.202530 3.000000
181.000000 49.000000 0.000000 1.034040 2.000000
168.000000 35.000000 0.000000 1.196270 3.000000
321.000000 49.000000 0.000000 1.055120 2.000000
321.000000 12.000000 0.000000 1.151330 3.000000
196.000000 0.000000 0.000000 1.034940 2.000000
182.000000 13.000000 0.000000 1.190510 3.000000
209.000000 49.000000 0.000000 1.036770 2.000000
196.000000 36.000000 0.000000 1.187990 3.000000
224.000000 0.000000 0.000000 1.038530 2.000000
210.000000 13.000000 0.000000 1.182480 3.000000
308.000000 0.000000 0.000000 1.051620 2.000000
237.000000 49.000000 0.000000 1.040940 2.000000
224.000000 36.000000 0.000000 1.180200 3.000000
307.000000 37.000000 0.000000 1.157230 3.000000
252.000000 0.000000 0.000000 1.042060 2.000000
238.000000 12.000000 0.000000 1.174040 3.000000
265.000000 49.000000 0.000000 1.044810 2.000000
252.000000 37.000000 0.000000 1.171740 3.000000
293.000000 49.000000 0.000000 1.049560 2.000000
293.000000 12.000000 0.000000 1.159870 3.000000
280.000000 0.000000 0.000000 1.047110 2.000000
266.000000 12.000000 0.000000 1.167460 3.000000
280.000000 37.000000 0.000000 1.164840 3.000000
71.000000 49.000000 0.000000 1.012240 2.000000
23.000000 23.000000 0.000000 0.000000 0.000000
