38.000000 6.000000 0.000000 1.090140 2.000000
25.000000 20.000000 0.000000 1.420060 3.000000
29.000000 31.000000 0.000000 1.295830 2.000000
37.000000 30.000000 0.000000 1.397300 3.000000
371.000000 0.000000 0.000000 1.061810 2.000000
385.000000 11.000000 0.000000 1.134460 3.000000
49.000000 18.000000 0.000000 1.371720 3.000000
27.000000 30.000000 0.000000 1.325620 3.000000
50.000000 49.000000 0.000000 1.034930 2.000000
57.000000 25.000000 0.000000 1.032190 2.000000
384.000000 49.000000 0.000000 1.066180 2.000000
399.000000 38.000000 0.000000 1.138250 3.000000
371.000000 37.000000 0.000000 1.138320 3.000000
64.000000 32.000000 0.000000 1.302720 3.000000
107.000000 49.000000 0.000000 1.025390 2.000000
91.000000 32.000000 0.000000 1.259210 3.000000
357.000000 49.000000 0.000000 1.059780 2.000000
357.000000 11.000000 0.000000 1.140900 3.000000
93.000000 0.000000 0.000000 1.019250 2.000000
77.000000 18.000000 0.000000 1.253470 3.000000
63.000000 0.000000 0.000000 1.014140 2.000000
343.000000 0.000000 0.000000 1.056670 2.000000
343.000000 37.000000 0.000000 1.146400 3.000000
121.000000 0.000000 0.000000 1.029120 2.000000
105.000000 16.000000 0.000000 1.241980 3.000000
134.000000 49.000000 0.000000 1.030770 2.000000
120.000000 33.000000 0.000000 1.229320 3.000000
147.000000 0.000000 0.000000 1.032180 2.000000
134.000000 15.000000 0.000000 1.215600 3.000000
162.000000 49.000000 0.000000 1.033880 2.000000
148.000000 35.000000 0.000000 1.206530 3.000000
330.000000 49.000000 0.000000 1.054760 2.000000
329.000000 12.000000 0.000000 1.149340 3.000000
175.000000 0.000000 0.000000 1.033930 2.000000
162.000000 14.000000 0.000000 1.198340 3.000000
190.000000 49.000000 0.000000 1.034460 2.000000
176.000000 36.000000 0.000000 1.193150 3.000000
203.000000 0.000000 0.000000 1.035600 2.000000
190.000000 13.000000 0.000000 1.187820 3.000000
315.000000 0.000000 0.000000 1.052920 2.000000
315.000000 37.000000 0.000000 1.154890 3.000000
218.000000 49.000000 0.000000 1.037580 2.000000
204.000000 36.000000 0.000000 1.185600 3.000000
231.000000 0.000000 0.000000 1.038890 2.000000
217.000000 13.000000 0.000000 1.179830 3.000000
246.000000 49.000000 0.000000 1.041110 2.000000
232.000000 36.000000 0.000000 1.176840 3.000000
302.000000 49.000000 0.000000 1.051340 2.000000
301.000000 12.000000 0.000000 1.157410 3.000000
259.000000 0.000000 0.000000 1.043750 2.000000
246.000000 12.000000 0.000000 1.171450 3.000000
274.000000 49.000000 0.000000 1.046010 2.000000
259.000000 37.000000 0.000000 1.169050 3.000000
287.000000 0.000000 0.000000 1.048010 2.000000
273.000000 12.000000 0.000000 1.165520 3.000000
287.000000 37.000000 0.000000 1.163280 3.000000
78.000000 49.000000 0.000000 1.012390 2.000000
23.000000 23.000000 0.000000 0.000000 0.000000
