3.121380 1.151010 0.000000 2.474880 2.000000
2.974390 1.083890 0.000000 2.899260 3.000000
3.883070 1.258390 0.000000 3.359200 3.000000
3.695990 1.057050 0.000000 0.914272 2.000000
3.789530 1.003360 0.000000 1.184080 3.000000
2.840760 1.057050 0.000000 2.266240 2.000000
2.640310 0.855705 0.000000 2.539760 3.000000
2.907570 0.963087 0.000000 1.319070 2.000000
2.961020 0.936242 0.000000 2.125510 3.000000
1.638080 1.379190 0.000000 0.987028 2.000000
1.504450 1.151010 0.000000 1.850410 3.000000
3.749440 0.627517 0.000000 0.580492 2.000000
3.549000 0.506711 0.000000 1.255140 3.000000
5.246100 1.500000 0.000000 1.488670 2.000000
5.500000 1.406040 0.000000 1.761310 3.000000
1.838530 1.500000 0.000000 1.734730 3.000000
-0.500000 0.010067 0.000000 1.000000 2.000000
-0.005568 -0.097315 0.000000 1.335150 3.000000
4.711580 0.775168 0.000000 1.176910 2.000000
4.430960 0.708054 0.000000 1.687190 3.000000
1.651450 0.667785 0.000000 0.656021 2.000000
5.072380 0.748322 0.000000 0.823275 2.000000
5.379730 0.506711 0.000000 1.571540 3.000000
3.081290 0.600671 0.000000 1.097090 2.000000
2.907570 0.560403 0.000000 1.446890 3.000000
2.506680 -0.500000 0.000000 0.000000 0.000000
