3.388640 1.177850 0.000000 2.273260 2.000000
4.177060 1.312080 0.000000 3.841990 3.000000
-0.500000 0.010067 0.000000 1.000000 2.000000
-0.005568 -0.097315 0.000000 1.338050 3.000000
2.974390 1.083890 0.000000 2.963450 3.000000
2.840760 1.057050 0.000000 2.216150 2.000000
2.640310 0.869128 0.000000 2.575290 3.000000
2.894210 0.949664 0.000000 1.455540 2.000000
2.961020 0.936242 0.000000 2.302130 3.000000
1.638080 1.379190 0.000000 0.857831 2.000000
1.504450 1.057050 0.000000 1.970120 3.000000
4.778400 0.748322 0.000000 1.194190 2.000000
4.497770 0.627517 0.000000 1.961550 3.000000
5.232740 0.694631 0.000000 0.735414 2.000000
5.500000 0.506711 0.000000 1.639220 3.000000
2.720490 0.694631 0.000000 0.929282 2.000000
2.894210 0.533557 0.000000 1.597920 3.000000
1.878620 1.500000 0.000000 1.513500 3.000000
1.664810 0.681208 0.000000 0.673265 2.000000
3.816260 0.640940 0.000000 0.709803 2.000000
3.629180 0.506711 0.000000 1.345360 3.000000
2.506680 -0.500000 0.000000 0.000000 0.000000
