3.562360 1.392620 0.000000 2.119810 2.000000
2.974390 1.083890 0.000000 2.973270 3.000000
3.896440 0.640940 0.000000 0.737544 2.000000
3.709350 0.506711 0.000000 1.289150 3.000000
4.537860 1.365770 0.000000 4.062160 3.000000
-0.500000 0.010067 0.000000 1.000000 2.000000
-0.005568 -0.097315 0.000000 1.335710 3.000000
4.310690 0.761745 0.000000 1.727030 2.000000
4.537860 0.573825 0.000000 2.281370 3.000000
2.894210 0.949664 0.000000 1.205260 2.000000
2.974390 0.936242 0.000000 2.125890 3.000000
1.678170 1.312080 0.000000 0.803646 2.000000
1.504450 0.989933 0.000000 1.902990 3.000000
2.025610 1.500000 0.000000 1.645260 3.000000
1.678170 0.694631 0.000000 0.776404 2.000000
2.720490 0.640940 0.000000 0.993301 2.000000
2.854120 0.506711 0.000000 1.513410 3.000000
5.500000 0.721476 0.000000 0.668475 2.000000
5.500000 0.506711 0.000000 1.387580 3.000000
2.506680 -0.500000 0.000000 0.000000 0.000000
