3.869710 1.406040 0.000000 2.502400 2.000000
3.562360 1.204700 0.000000 3.230490 3.000000
3.682630 0.694631 0.000000 0.469797 2.000000
3.575720 0.506711 0.000000 1.057820 3.000000
4.310690 1.244970 0.000000 2.874690 3.000000
3.468820 1.016780 0.000000 0.940798 2.000000
3.575720 0.936242 0.000000 1.200880 3.000000
-0.500000 0.010067 0.000000 1.000000 2.000000
-0.005568 -0.097315 0.000000 1.336880 3.000000
4.925390 1.500000 0.000000 1.597080 2.000000
5.500000 1.446310 0.000000 2.576030 3.000000
1.638080 1.352350 0.000000 0.920317 2.000000
1.891980 1.500000 0.000000 1.971100 3.000000
2.987750 0.587248 0.000000 1.182370 2.000000
2.974390 0.922819 0.000000 1.788560 3.000000
1.504450 1.070470 0.000000 1.679040 3.000000
1.664810 0.681208 0.000000 0.650986 2.000000
4.845210 0.788591 0.000000 0.846531 2.000000
5.500000 0.506711 0.000000 1.638430 3.000000
2.840760 0.506711 0.000000 1.541470 3.000000
2.894210 0.909396 0.000000 1.170200 2.000000
2.506680 -0.500000 0.000000 0.000000 0.000000
