3.642540 1.406040 0.000000 2.552220 2.000000
4.136970 1.231540 0.000000 3.150710 3.000000
4.751670 1.500000 0.000000 1.666170 2.000000
5.500000 1.365770 0.000000 3.018900 3.000000
3.709350 0.667785 0.000000 0.436137 2.000000
3.535630 0.506711 0.000000 1.168680 3.000000
-0.500000 0.010067 0.000000 1.000000 2.000000
-0.005568 -0.097315 0.000000 1.338560 3.000000
3.402000 1.177850 0.000000 2.984300 3.000000
1.611360 1.379190 0.000000 0.823652 2.000000
1.972160 1.500000 0.000000 1.944330 3.000000
2.894210 0.909396 0.000000 1.220900 2.000000
2.961020 0.936242 0.000000 1.810140 3.000000
3.949890 0.922819 0.000000 1.236260 2.000000
4.096880 0.708054 0.000000 1.722870 3.000000
1.504450 1.070470 0.000000 1.663620 3.000000
1.638080 0.681208 0.000000 0.658446 2.000000
3.027840 0.573825 0.000000 0.984503 2.000000
2.894210 0.506711 0.000000 1.662660 3.000000
4.778400 0.775168 0.000000 0.763348 2.000000
5.500000 0.506711 0.000000 1.571440 3.000000
2.506680 -0.500000 0.000000 0.000000 0.000000
