3.508910 1.312080 0.000000 2.168600 2.000000
4.430960 1.352350 0.000000 4.119410 3.000000
3.869710 0.640940 0.000000 0.740909 2.000000
3.682630 0.506711 0.000000 1.321760 3.000000
2.854120 1.070470 0.000000 2.314230 2.000000
2.974390 1.083890 0.000000 2.960080 3.000000
2.653670 0.882550 0.000000 2.568380 3.000000
-0.500000 0.010067 0.000000 1.000000 2.000000
-0.005568 -0.097315 0.000000 1.336420 3.000000
2.894210 0.949664 0.000000 1.285490 2.000000
2.961020 0.936242 0.000000 2.232300 3.000000
4.297330 0.775168 0.000000 1.705630 2.000000
4.524500 0.587248 0.000000 2.216920 3.000000
1.664810 1.325500 0.000000 0.806749 2.000000
1.504450 1.003360 0.000000 1.933600 3.000000
2.038980 1.500000 0.000000 1.583800 3.000000
1.678170 0.694631 0.000000 0.739056 2.000000
2.720490 0.654362 0.000000 1.041660 2.000000
2.867480 0.506711 0.000000 1.570890 3.000000
5.312920 0.681208 0.000000 0.686148 2.000000
5.500000 0.506711 0.000000 1.508210 3.000000
2.506680 -0.500000 0.000000 0.000000 0.000000
