3.869710 1.500000 0.000000 2.503590 2.000000
3.549000 1.204700 0.000000 3.218790 3.000000
3.682630 0.694631 0.000000 0.461518 2.000000
3.575720 0.506711 0.000000 1.065310 3.000000
4.310690 1.244970 0.000000 2.896040 3.000000
3.468820 1.016780 0.000000 0.926431 2.000000
3.575720 0.936242 0.000000 1.187480 3.000000
-0.500000 0.010067 0.000000 1.000000 2.000000
-0.005568 -0.097315 0.000000 1.337030 3.000000
4.912030 1.500000 0.000000 1.600810 2.000000
5.500000 1.446310 0.000000 2.603610 3.000000
1.638080 1.352350 0.000000 0.909981 2.000000
1.891980 1.500000 0.000000 1.973020 3.000000
2.894210 0.909396 0.000000 1.179730 2.000000
2.974390 0.922819 0.000000 1.794160 3.000000
1.504450 1.070470 0.000000 1.678130 3.000000
1.664810 0.681208 0.000000 0.650469 2.000000
2.987750 0.587248 0.000000 1.171640 2.000000
2.840760 0.506711 0.000000 1.555680 3.000000
4.845210 0.788591 0.000000 0.844760 2.000000
5.500000 0.506711 0.000000 1.642030 3.000000
2.506680 -0.500000 0.000000 0.000000 0.000000
