2.840760 1.057050 0.000000 2.259250 2.000000
3.776170 1.244970 0.000000 3.284010 3.000000
2.640310 0.855705 0.000000 2.554950 3.000000
3.736080 0.614094 0.000000 0.517399 2.000000
3.508910 0.506711 0.000000 1.152000 3.000000
3.615810 1.043620 0.000000 0.990268 2.000000
3.709350 0.963087 0.000000 1.255310 3.000000
-0.500000 0.010067 0.000000 1.000000 2.000000
-0.005568 -0.097315 0.000000 1.334420 3.000000
5.139200 1.500000 0.000000 1.523960 2.000000
5.500000 1.432890 0.000000 2.013790 3.000000
2.907570 0.963087 0.000000 1.207590 2.000000
2.961020 0.936242 0.000000 1.869030 3.000000
1.638080 1.379190 0.000000 1.033040 2.000000
1.851890 1.500000 0.000000 1.831010 3.000000
1.504450 1.151010 0.000000 1.741200 3.000000
1.651450 0.667785 0.000000 0.655717 2.000000
4.992200 0.775168 0.000000 0.847853 2.000000
5.500000 0.506711 0.000000 1.535980 3.000000
2.506680 -0.500000 0.000000 0.000000 0.000000
