2.840760 1.057050 0.000000 2.265340 2.000000
3.749440 1.231540 0.000000 3.277410 3.000000
2.640310 0.855705 0.000000 2.562180 3.000000
3.736080 0.614094 0.000000 0.509265 2.000000
3.508910 0.506711 0.000000 1.117620 3.000000
3.589090 1.030200 0.000000 0.996895 2.000000
3.682630 0.949664 0.000000 1.262630 3.000000
-0.500000 0.010067 0.000000 1.000000 2.000000
-0.005568 -0.097315 0.000000 1.334330 3.000000
5.112470 1.500000 0.000000 1.534310 2.000000
5.500000 1.432890 0.000000 2.092910 3.000000
1.624720 1.365770 0.000000 1.037870 2.000000
1.851890 1.500000 0.000000 1.855140 3.000000
2.907570 0.963087 0.000000 1.126400 2.000000
2.961020 0.936242 0.000000 1.762310 3.000000
1.504450 1.137580 0.000000 1.716980 3.000000
1.651450 0.667785 0.000000 0.655949 2.000000
4.978840 0.788591 0.000000 0.850821 2.000000
5.500000 0.506711 0.000000 1.545170 3.000000
2.506680 -0.500000 0.000000 0.000000 0.000000
