3.094650 1.151010 0.000000 2.543920 2.000000
3.802900 1.244970 0.000000 3.295930 3.000000
2.974390 1.083890 0.000000 2.821840 3.000000
3.736080 0.614094 0.000000 0.533333 2.000000
3.522270 0.506711 0.000000 1.185590 3.000000
2.854120 1.043620 0.000000 2.262430 2.000000
2.640310 0.855705 0.000000 2.551660 3.000000
2.907570 0.963087 0.000000 1.265970 2.000000
2.961020 0.936242 0.000000 1.974890 3.000000
5.165920 1.500000 0.000000 1.513630 2.000000
5.500000 1.419460 0.000000 1.935320 3.000000
3.642540 1.043620 0.000000 0.978785 2.000000
3.749440 0.963087 0.000000 1.247490 3.000000
-0.500000 0.010067 0.000000 1.000000 2.000000
-0.005568 -0.097315 0.000000 1.334470 3.000000
1.638080 1.379190 0.000000 1.023300 2.000000
1.851890 1.500000 0.000000 1.805390 3.000000
1.504450 1.151010 0.000000 1.771040 3.000000
4.684860 0.788591 0.000000 1.284000 2.000000
4.430960 0.734899 0.000000 1.603090 3.000000
5.018930 0.775168 0.000000 0.842997 2.000000
5.339640 0.506711 0.000000 1.537080 3.000000
1.651450 0.667785 0.000000 0.655460 2.000000
2.506680 -0.500000 0.000000 0.000000 0.000000
