2.840760 1.057050 0.000000 2.292180 2.000000
3.709350 1.231540 0.000000 3.276800 3.000000
2.626950 0.842282 0.000000 2.563710 3.000000
5.072380 1.500000 0.000000 1.548350 2.000000
5.500000 1.446310 0.000000 2.198590 3.000000
3.736080 0.614094 0.000000 0.507983 2.000000
3.495550 0.506711 0.000000 1.074120 3.000000
3.562360 1.030200 0.000000 1.007060 2.000000
3.655900 0.949664 0.000000 1.271980 3.000000
-0.500000 0.010067 0.000000 1.000000 2.000000
-0.005568 -0.097315 0.000000 1.334680 3.000000
1.624720 1.365770 0.000000 1.032370 2.000000
1.851890 1.500000 0.000000 1.886740 3.000000
1.504450 1.110740 0.000000 1.696060 3.000000
2.907570 0.949664 0.000000 1.023480 2.000000
2.974390 0.922819 0.000000 1.671370 3.000000
4.952120 0.788591 0.000000 0.854112 2.000000
5.500000 0.506711 0.000000 1.560510 3.000000
1.651450 0.667785 0.000000 0.656085 2.000000
2.506680 -0.500000 0.000000 0.000000 0.000000
