3.402000 1.298660 0.000000 2.234730 2.000000
4.270600 1.325500 0.000000 4.000880 3.000000
2.854120 1.070470 0.000000 2.241660 2.000000
2.974390 1.083890 0.000000 2.950250 3.000000
-0.500000 0.010067 0.000000 1.000000 2.000000
-0.005568 -0.097315 0.000000 1.337390 3.000000
2.640310 0.869128 0.000000 2.574400 3.000000
2.894210 0.949664 0.000000 1.408550 2.000000
2.961020 0.936242 0.000000 2.314240 3.000000
4.217150 1.057050 0.000000 1.433930 2.000000
4.511140 0.614094 0.000000 2.076300 3.000000
1.638080 1.352350 0.000000 0.827312 2.000000
1.504450 1.030200 0.000000 1.963560 3.000000
5.259470 0.694631 0.000000 0.712534 2.000000
5.500000 0.506711 0.000000 1.612810 3.000000
2.720490 0.681208 0.000000 1.009770 2.000000
2.880850 0.533557 0.000000 1.601590 3.000000
1.972160 1.500000 0.000000 1.502610 3.000000
1.678170 0.694631 0.000000 0.692709 2.000000
3.842980 0.640940 0.000000 0.729061 2.000000
3.655900 0.506711 0.000000 1.345500 3.000000
2.506680 -0.500000 0.000000 0.000000 0.000000
