3.856350 1.500000 0.000000 2.505200 2.000000
3.535630 1.204700 0.000000 3.205080 3.000000
4.297330 1.244970 0.000000 2.919420 3.000000
3.695990 0.694631 0.000000 0.454173 2.000000
3.575720 0.506711 0.000000 1.073190 3.000000
3.455460 1.016780 0.000000 0.905775 2.000000
3.562360 0.936242 0.000000 1.171200 3.000000
-0.500000 0.010067 0.000000 1.000000 2.000000
-0.005568 -0.097315 0.000000 1.337220 3.000000
4.898660 1.500000 0.000000 1.604590 2.000000
5.500000 1.446310 0.000000 2.631410 3.000000
1.638080 1.352350 0.000000 0.899770 2.000000
1.905350 1.500000 0.000000 1.975100 3.000000
2.894210 0.909396 0.000000 1.188180 2.000000
2.974390 0.922819 0.000000 1.799070 3.000000
1.504450 1.070470 0.000000 1.677160 3.000000
2.987750 0.587248 0.000000 1.159920 2.000000
2.840760 0.506711 0.000000 1.568530 3.000000
4.845210 0.788591 0.000000 0.841936 2.000000
5.500000 0.506711 0.000000 1.644740 3.000000
1.664810 0.681208 0.000000 0.650030 2.000000
2.506680 -0.500000 0.000000 0.000000 0.000000
