3.909800 1.406040 0.000000 2.500900 2.000000
3.602450 1.204700 0.000000 3.248810 3.000000
3.695990 0.694631 0.000000 0.496961 2.000000
3.562360 0.506711 0.000000 1.038630 3.000000
4.310690 1.231540 0.000000 2.819900 3.000000
3.495550 1.016780 0.000000 0.967859 2.000000
3.589090 0.936242 0.000000 1.233730 3.000000
-0.500000 0.010067 0.000000 1.000000 2.000000
-0.005568 -0.097315 0.000000 1.336330 3.000000
4.952120 1.500000 0.000000 1.586510 2.000000
5.500000 1.446310 0.000000 2.489690 3.000000
1.638080 1.352350 0.000000 0.950970 2.000000
1.878620 1.500000 0.000000 1.960140 3.000000
3.027840 0.627517 0.000000 1.204430 2.000000
2.974390 0.922819 0.000000 1.766310 3.000000
1.504450 1.070470 0.000000 1.681340 3.000000
1.664810 0.681208 0.000000 0.652818 2.000000
4.871940 0.788591 0.000000 0.853000 2.000000
5.500000 0.506711 0.000000 1.623390 3.000000
2.827390 0.506711 0.000000 1.495270 3.000000
2.880850 0.909396 0.000000 1.130010 2.000000
2.506680 -0.500000 0.000000 0.000000 0.000000
