3.535630 1.325500 0.000000 2.147110 2.000000
4.484410 1.352350 0.000000 4.115850 3.000000
2.974390 1.083890 0.000000 2.961460 3.000000
3.869710 0.640940 0.000000 0.740924 2.000000
3.695990 0.506711 0.000000 1.310010 3.000000
4.297330 0.775168 0.000000 1.720620 2.000000
4.524500 0.587248 0.000000 2.247470 3.000000
2.894210 0.949664 0.000000 1.251250 2.000000
2.961020 0.936242 0.000000 2.190030 3.000000
1.664810 1.325500 0.000000 0.804573 2.000000
1.504450 1.003360 0.000000 1.922070 3.000000
-0.500000 0.010067 0.000000 1.000000 2.000000
-0.005568 -0.097315 0.000000 1.336420 3.000000
2.038980 1.500000 0.000000 1.609400 3.000000
1.678170 0.694631 0.000000 0.754319 2.000000
2.720490 0.640940 0.000000 1.028000 2.000000
2.867480 0.506711 0.000000 1.550690 3.000000
5.500000 0.721476 0.000000 0.679992 2.000000
5.500000 0.506711 0.000000 1.465920 3.000000
2.506680 -0.500000 0.000000 0.000000 0.000000
