4.030070 1.406040 0.000000 2.507710 2.000000
3.669270 1.218120 0.000000 3.278610 3.000000
4.324050 1.204700 0.000000 2.757290 3.000000
3.736080 0.614094 0.000000 0.511320 2.000000
3.508910 0.506711 0.000000 1.038530 3.000000
3.535630 1.016780 0.000000 1.004250 2.000000
3.629180 0.936242 0.000000 1.272410 3.000000
-0.500000 0.010067 0.000000 1.000000 2.000000
-0.005568 -0.097315 0.000000 1.335170 3.000000
5.032290 1.500000 0.000000 1.562300 2.000000
5.500000 1.446310 0.000000 2.305470 3.000000
1.624720 1.365770 0.000000 1.011780 2.000000
1.865260 1.500000 0.000000 1.917130 3.000000
2.894210 0.949664 0.000000 1.008540 2.000000
2.974390 0.922819 0.000000 1.693720 3.000000
1.504450 1.083890 0.000000 1.686740 3.000000
4.912030 0.802013 0.000000 0.855498 2.000000
5.500000 0.506711 0.000000 1.580440 3.000000
1.664810 0.681208 0.000000 0.655465 2.000000
2.506680 -0.500000 0.000000 0.000000 0.000000
