2.840760 1.057050 0.000000 2.275710 2.000000
3.722720 1.231540 0.000000 3.278650 3.000000
2.626950 0.842282 0.000000 2.564600 3.000000
3.736080 0.614094 0.000000 0.507558 2.000000
3.495550 0.506711 0.000000 1.095470 3.000000
5.099110 1.500000 0.000000 1.541550 2.000000
5.500000 1.432890 0.000000 2.145280 3.000000
3.575720 1.030200 0.000000 1.001210 2.000000
3.669270 0.949664 0.000000 1.269500 3.000000
-0.500000 0.010067 0.000000 1.000000 2.000000
-0.005568 -0.097315 0.000000 1.334510 3.000000
1.624720 1.365770 0.000000 1.036920 2.000000
1.851890 1.500000 0.000000 1.871010 3.000000
2.907570 0.963087 0.000000 1.067930 2.000000
2.961020 0.936242 0.000000 1.706330 3.000000
1.504450 1.124160 0.000000 1.704890 3.000000
1.651450 0.667785 0.000000 0.656152 2.000000
4.952120 0.788591 0.000000 0.854123 2.000000
5.500000 0.506711 0.000000 1.552400 3.000000
2.506680 -0.500000 0.000000 0.000000 0.000000
