3.883070 0.654362 0.000000 0.738571 2.000000
3.695990 0.506711 0.000000 1.295850 3.000000
3.549000 1.392620 0.000000 2.127730 2.000000
2.974390 1.083890 0.000000 2.962580 3.000000
4.511140 1.365770 0.000000 4.083720 3.000000
-0.500000 0.010067 0.000000 1.000000 2.000000
-0.005568 -0.097315 0.000000 1.336090 3.000000
4.310690 0.761745 0.000000 1.726940 2.000000
4.537860 0.573825 0.000000 2.272380 3.000000
2.894210 0.949664 0.000000 1.220110 2.000000
2.974390 0.936242 0.000000 2.147390 3.000000
1.678170 1.312080 0.000000 0.803394 2.000000
1.504450 0.989933 0.000000 1.909310 3.000000
5.500000 0.721476 0.000000 0.672979 2.000000
5.500000 0.506711 0.000000 1.415840 3.000000
2.720490 0.640940 0.000000 1.006520 2.000000
2.867480 0.506711 0.000000 1.525660 3.000000
2.025610 1.500000 0.000000 1.633850 3.000000
1.678170 0.694631 0.000000 0.769298 2.000000
2.506680 -0.500000 0.000000 0.000000 0.000000
