3.869710 0.640940 0.000000 0.741387 2.000000
3.695990 0.506711 0.000000 1.316050 3.000000
3.522270 1.312080 0.000000 2.158070 2.000000
2.974390 1.083890 0.000000 2.961520 3.000000
4.457680 1.352350 0.000000 4.121190 3.000000
-0.500000 0.010067 0.000000 1.000000 2.000000
-0.005568 -0.097315 0.000000 1.336200 3.000000
4.297330 0.775168 0.000000 1.713480 2.000000
4.524500 0.587248 0.000000 2.232900 3.000000
2.894210 0.949664 0.000000 1.268130 2.000000
2.961020 0.936242 0.000000 2.212130 3.000000
1.664810 1.325500 0.000000 0.805544 2.000000
1.504450 1.003360 0.000000 1.928050 3.000000
2.038980 1.500000 0.000000 1.596740 3.000000
1.678170 0.694631 0.000000 0.746625 2.000000
2.720490 0.640940 0.000000 1.035860 2.000000
2.867480 0.506711 0.000000 1.561460 3.000000
5.500000 0.721476 0.000000 0.682011 2.000000
5.500000 0.506711 0.000000 1.486040 3.000000
2.506680 -0.500000 0.000000 0.000000 0.000000
