4.698220 1.500000 0.000000 1.701540 2.000000
5.500000 1.379190 0.000000 3.205460 3.000000
3.174830 0.560403 0.000000 0.453225 2.000000
3.522270 0.506711 0.000000 1.183560 3.000000
3.549000 1.406040 0.000000 2.572190 2.000000
4.070160 1.231540 0.000000 3.169600 3.000000
-0.500000 0.010067 0.000000 1.000000 2.000000
-0.005568 -0.097315 0.000000 1.338470 3.000000
2.974390 1.097320 0.000000 2.903650 3.000000
1.611360 1.379190 0.000000 0.821972 2.000000
1.998890 1.500000 0.000000 1.915210 3.000000
2.894210 0.909396 0.000000 1.205850 2.000000
2.961020 0.936242 0.000000 1.765790 3.000000
1.504450 1.070470 0.000000 1.660080 3.000000
1.638080 0.681208 0.000000 0.663332 2.000000
3.923160 0.936242 0.000000 1.117560 2.000000
4.110240 0.708054 0.000000 1.650250 3.000000
3.027840 0.573825 0.000000 0.926888 2.000000
2.920940 0.506711 0.000000 1.630800 3.000000
4.751670 0.775168 0.000000 0.723378 2.000000
5.500000 0.506711 0.000000 1.492720 3.000000
2.506680 -0.500000 0.000000 0.000000 0.000000
