3.655900 1.406040 0.000000 2.547700 2.000000
4.150330 1.231540 0.000000 3.142610 3.000000
3.415370 1.177850 0.000000 3.000880 3.000000
4.765030 1.500000 0.000000 1.659830 2.000000
5.500000 1.419460 0.000000 2.982580 3.000000
3.695990 0.788591 0.000000 0.672367 2.000000
3.495550 0.963087 0.000000 0.931767 3.000000
3.709350 0.667785 0.000000 0.435526 2.000000
3.549000 0.506711 0.000000 1.163030 3.000000
-0.500000 0.010067 0.000000 1.000000 2.000000
-0.005568 -0.097315 0.000000 1.338540 3.000000
1.624720 1.365770 0.000000 0.825340 2.000000
1.958800 1.500000 0.000000 1.948840 3.000000
2.894210 0.909396 0.000000 1.222460 2.000000
2.961020 0.936242 0.000000 1.816180 3.000000
3.963250 0.922819 0.000000 1.259090 2.000000
4.070160 0.721476 0.000000 1.730250 3.000000
1.504450 1.070470 0.000000 1.664480 3.000000
3.014480 0.587248 0.000000 1.000160 2.000000
2.894210 0.506711 0.000000 1.663840 3.000000
4.778400 0.775168 0.000000 0.770381 2.000000
5.500000 0.506711 0.000000 1.584370 3.000000
1.638080 0.681208 0.000000 0.657512 2.000000
2.506680 -0.500000 0.000000 0.000000 0.000000
