3.549000 1.338930 0.000000 2.136600 2.000000
4.484410 1.365770 0.000000 4.102000 3.000000
2.974390 1.083890 0.000000 2.961430 3.000000
3.869710 0.640940 0.000000 0.741085 2.000000
3.695990 0.506711 0.000000 1.303860 3.000000
-0.500000 0.010067 0.000000 1.000000 2.000000
-0.005568 -0.097315 0.000000 1.336090 3.000000
4.310690 0.761745 0.000000 1.723840 2.000000
4.537860 0.573825 0.000000 2.258670 3.000000
2.894210 0.949664 0.000000 1.235050 2.000000
2.974390 0.936242 0.000000 2.166870 3.000000
1.664810 1.325500 0.000000 0.803834 2.000000
1.504450 1.003360 0.000000 1.915770 3.000000
2.025610 1.500000 0.000000 1.622070 3.000000
2.720490 0.640940 0.000000 1.018280 2.000000
2.867480 0.506711 0.000000 1.538870 3.000000
5.500000 0.721476 0.000000 0.675148 2.000000
5.500000 0.506711 0.000000 1.439460 3.000000
1.678170 0.694631 0.000000 0.761858 2.000000
2.506680 -0.500000 0.000000 0.000000 0.000000
