3.695990 0.681208 0.000000 0.512781 2.000000
3.562360 0.506711 0.000000 1.030480 3.000000
3.949890 1.406040 0.000000 2.501700 2.000000
3.602450 1.218120 0.000000 3.260910 3.000000
3.495550 1.016780 0.000000 0.983993 2.000000
3.602450 0.936242 0.000000 1.250640 3.000000
-0.500000 0.010067 0.000000 1.000000 2.000000
-0.005568 -0.097315 0.000000 1.335980 3.000000
4.310690 1.231540 0.000000 2.798220 3.000000
4.978840 1.500000 0.000000 1.579510 2.000000
5.500000 1.446310 0.000000 2.440070 3.000000
1.638080 1.352350 0.000000 0.970215 2.000000
1.878620 1.500000 0.000000 1.949850 3.000000
3.054570 0.654362 0.000000 1.202410 2.000000
2.974390 0.922819 0.000000 1.747470 3.000000
1.504450 1.070470 0.000000 1.682550 3.000000
1.664810 0.681208 0.000000 0.654004 2.000000
2.827390 0.506711 0.000000 1.460510 3.000000
4.871940 0.788591 0.000000 0.853001 2.000000
5.500000 0.506711 0.000000 1.611190 3.000000
2.880850 0.895973 0.000000 1.094430 2.000000
2.506680 -0.500000 0.000000 0.000000 0.000000
