3.121380 1.151010 0.000000 2.466110 2.000000
3.896440 1.271810 0.000000 3.372560 3.000000
3.709350 1.070470 0.000000 0.898290 2.000000
3.909800 0.882550 0.000000 1.198580 3.000000
2.974390 1.083890 0.000000 2.910050 3.000000
2.840760 1.057050 0.000000 2.265870 2.000000
2.640310 0.855705 0.000000 2.538850 3.000000
2.907570 0.963087 0.000000 1.323040 2.000000
2.961020 0.936242 0.000000 2.136000 3.000000
1.638080 1.379190 0.000000 0.980807 2.000000
1.504450 1.151010 0.000000 1.861330 3.000000
3.749440 0.627517 0.000000 0.588881 2.000000
3.562360 0.506711 0.000000 1.263270 3.000000
-0.500000 0.010067 0.000000 1.000000 2.000000
-0.005568 -0.097315 0.000000 1.335330 3.000000
5.246100 1.500000 0.000000 1.484970 2.000000
5.500000 1.392620 0.000000 1.738430 3.000000
1.838530 1.500000 0.000000 1.722950 3.000000
1.651450 0.667785 0.000000 0.656500 2.000000
4.698220 0.775168 0.000000 1.171060 2.000000
4.430960 0.708054 0.000000 1.694670 3.000000
5.085750 0.748322 0.000000 0.820278 2.000000
5.379730 0.506711 0.000000 1.575960 3.000000
3.094650 0.614094 0.000000 1.090270 2.000000
2.907570 0.560403 0.000000 1.454810 3.000000
2.506680 -0.500000 0.000000 0.000000 0.000000
