3.188200 1.164430 0.000000 2.437400 2.000000
3.936530 1.271810 0.000000 3.428460 3.000000
4.056790 0.828859 0.000000 0.924874 2.000000
3.896440 0.922819 0.000000 1.240330 3.000000
2.840760 1.057050 0.000000 2.261480 2.000000
2.640310 0.855705 0.000000 2.538600 3.000000
2.974390 1.083890 0.000000 2.938220 3.000000
2.907570 0.949664 0.000000 1.343390 2.000000
2.961020 0.936242 0.000000 2.159200 3.000000
1.638080 1.379190 0.000000 0.961387 2.000000
1.504450 1.137580 0.000000 1.893150 3.000000
4.684860 0.761745 0.000000 1.172440 2.000000
4.430960 0.694631 0.000000 1.723920 3.000000
3.762810 0.640940 0.000000 0.614589 2.000000
3.562360 0.506711 0.000000 1.286000 3.000000
-0.500000 0.010067 0.000000 1.000000 2.000000
-0.005568 -0.097315 0.000000 1.335740 3.000000
1.838530 1.500000 0.000000 1.685490 3.000000
5.112470 0.734899 0.000000 0.809199 2.000000
5.406460 0.506711 0.000000 1.589430 3.000000
3.094650 0.614094 0.000000 1.041780 2.000000
2.907570 0.560403 0.000000 1.478300 3.000000
1.651450 0.667785 0.000000 0.657542 2.000000
2.506680 -0.500000 0.000000 0.000000 0.000000
