4.003340 1.406040 0.000000 2.504950 2.000000
3.642540 1.218120 0.000000 3.277190 3.000000
4.324050 1.218120 0.000000 2.771990 3.000000
3.722720 0.614094 0.000000 0.513440 2.000000
3.535630 0.506711 0.000000 1.029130 3.000000
5.018930 1.500000 0.000000 1.569540 2.000000
5.500000 1.446310 0.000000 2.359450 3.000000
3.522270 1.016780 0.000000 0.998922 2.000000
3.615810 0.936242 0.000000 1.266450 3.000000
-0.500000 0.010067 0.000000 1.000000 2.000000
-0.005568 -0.097315 0.000000 1.335510 3.000000
1.624720 1.365770 0.000000 0.996435 2.000000
1.865260 1.500000 0.000000 1.931540 3.000000
2.894210 0.922819 0.000000 1.031930 2.000000
2.974390 0.922819 0.000000 1.714910 3.000000
1.504450 1.083890 0.000000 1.684790 3.000000
4.898660 0.788591 0.000000 0.855255 2.000000
5.500000 0.506711 0.000000 1.592320 3.000000
1.664810 0.681208 0.000000 0.655047 2.000000
2.506680 -0.500000 0.000000 0.000000 0.000000
