3.308460 1.177850 0.000000 2.363410 2.000000
4.056790 1.285230 0.000000 3.615520 3.000000
3.776170 0.654362 0.000000 0.670701 2.000000
3.602450 0.506711 0.000000 1.327910 3.000000
2.974390 1.083890 0.000000 2.985380 3.000000
-0.500000 0.010067 0.000000 1.000000 2.000000
-0.005568 -0.097315 0.000000 1.336770 3.000000
2.840760 1.057050 0.000000 2.231040 2.000000
2.640310 0.869128 0.000000 2.560060 3.000000
2.907570 0.949664 0.000000 1.421610 2.000000
2.961020 0.936242 0.000000 2.234220 3.000000
1.638080 1.379190 0.000000 0.906589 2.000000
1.504450 1.097320 0.000000 1.953130 3.000000
4.724940 0.748322 0.000000 1.203730 2.000000
4.471050 0.654362 0.000000 1.822690 3.000000
5.165920 0.708054 0.000000 0.770333 2.000000
5.473270 0.506711 0.000000 1.620330 3.000000
1.838530 1.500000 0.000000 1.582740 3.000000
1.651450 0.667785 0.000000 0.662223 2.000000
3.108020 0.600671 0.000000 0.889946 2.000000
2.907570 0.546980 0.000000 1.557310 3.000000
2.506680 -0.500000 0.000000 0.000000 0.000000
