2.827390 1.043620 0.000000 2.300640 2.000000
3.695990 1.231540 0.000000 3.274710 3.000000
3.736080 0.614094 0.000000 0.508698 2.000000
3.495550 0.506711 0.000000 1.063980 3.000000
2.613590 0.828859 0.000000 2.561230 3.000000
3.549000 1.016780 0.000000 1.004950 2.000000
3.655900 0.936242 0.000000 1.271540 3.000000
5.059020 1.500000 0.000000 1.551890 2.000000
5.500000 1.446310 0.000000 2.225960 3.000000
-0.500000 0.010067 0.000000 1.000000 2.000000
-0.005568 -0.097315 0.000000 1.334800 3.000000
1.624720 1.365770 0.000000 1.028650 2.000000
1.851890 1.500000 0.000000 1.894540 3.000000
1.504450 1.110740 0.000000 1.692820 3.000000
1.651450 0.667785 0.000000 0.655958 2.000000
2.907570 0.949664 0.000000 1.007690 2.000000
2.974390 0.922819 0.000000 1.672760 3.000000
4.925390 0.788591 0.000000 0.855007 2.000000
5.500000 0.506711 0.000000 1.565000 3.000000
2.506680 -0.500000 0.000000 0.000000 0.000000
