2.854120 1.070470 0.000000 2.251540 2.000000
2.974390 1.083890 0.000000 2.948630 3.000000
3.428730 1.298660 0.000000 2.226640 2.000000
4.297330 1.325500 0.000000 4.031150 3.000000
-0.500000 0.010067 0.000000 1.000000 2.000000
-0.005568 -0.097315 0.000000 1.337120 3.000000
2.640310 0.869128 0.000000 2.574350 3.000000
2.894210 0.949664 0.000000 1.393660 2.000000
2.961020 0.936242 0.000000 2.311020 3.000000
4.230510 1.057050 0.000000 1.514140 2.000000
4.511140 0.614094 0.000000 2.098650 3.000000
1.638080 1.352350 0.000000 0.822218 2.000000
1.504450 1.030200 0.000000 1.960730 3.000000
5.259470 0.694631 0.000000 0.708574 2.000000
5.500000 0.506711 0.000000 1.603040 3.000000
2.720490 0.681208 0.000000 1.021610 2.000000
2.880850 0.520134 0.000000 1.600560 3.000000
1.998890 1.500000 0.000000 1.509540 3.000000
3.842980 0.640940 0.000000 0.732929 2.000000
3.655900 0.506711 0.000000 1.343660 3.000000
1.678170 0.694631 0.000000 0.698268 2.000000
2.506680 -0.500000 0.000000 0.000000 0.000000
