3.174830 0.560403 0.000000 0.436469 2.000000
3.522270 0.506711 0.000000 1.182810 3.000000
4.698220 1.500000 0.000000 1.693760 2.000000
5.500000 1.379190 0.000000 3.168440 3.000000
3.575720 1.406040 0.000000 2.568760 2.000000
4.083520 1.231540 0.000000 3.167920 3.000000
-0.500000 0.010067 0.000000 1.000000 2.000000
-0.005568 -0.097315 0.000000 1.338450 3.000000
3.361920 1.177850 0.000000 2.915940 3.000000
1.611360 1.379190 0.000000 0.821809 2.000000
1.985520 1.500000 0.000000 1.921380 3.000000
2.894210 0.909396 0.000000 1.209800 2.000000
2.961020 0.936242 0.000000 1.776150 3.000000
3.936530 0.936242 0.000000 1.142500 2.000000
4.110240 0.708054 0.000000 1.670320 3.000000
1.504450 1.070470 0.000000 1.660650 3.000000
1.638080 0.681208 0.000000 0.662452 2.000000
3.027840 0.573825 0.000000 0.938141 2.000000
2.920940 0.506711 0.000000 1.641100 3.000000
4.751670 0.775168 0.000000 0.732190 2.000000
5.500000 0.506711 0.000000 1.510120 3.000000
2.506680 -0.500000 0.000000 0.000000 0.000000
