3.121380 1.151010 0.000000 2.484970 2.000000
3.869710 1.258390 0.000000 3.349040 3.000000
3.695990 1.057050 0.000000 0.926767 2.000000
3.776170 1.003360 0.000000 1.198960 3.000000
2.974390 1.083890 0.000000 2.888300 3.000000
2.840760 1.057050 0.000000 2.266460 2.000000
2.640310 0.855705 0.000000 2.541050 3.000000
3.749440 0.627517 0.000000 0.572708 2.000000
3.549000 0.506711 0.000000 1.246320 3.000000
2.907570 0.963087 0.000000 1.315100 2.000000
2.961020 0.936242 0.000000 2.112870 3.000000
1.638080 1.379190 0.000000 0.993055 2.000000
1.504450 1.151010 0.000000 1.839100 3.000000
-0.500000 0.010067 0.000000 1.000000 2.000000
-0.005568 -0.097315 0.000000 1.335040 3.000000
5.232740 1.500000 0.000000 1.492140 2.000000
5.500000 1.406040 0.000000 1.785630 3.000000
1.838530 1.500000 0.000000 1.746080 3.000000
1.651450 0.667785 0.000000 0.655822 2.000000
4.724940 0.775168 0.000000 1.187780 2.000000
4.430960 0.708054 0.000000 1.676400 3.000000
5.072380 0.748322 0.000000 0.827431 2.000000
5.366370 0.506711 0.000000 1.566580 3.000000
3.094650 0.614094 0.000000 1.107650 2.000000
2.907570 0.560403 0.000000 1.439110 3.000000
2.506680 -0.500000 0.000000 0.000000 0.000000
