2.827390 1.043620 0.000000 2.295640 2.000000
3.695990 1.218120 0.000000 3.272760 3.000000
3.736080 0.614094 0.000000 0.509579 2.000000
3.508910 0.506711 0.000000 1.054390 3.000000
2.613590 0.828859 0.000000 2.558340 3.000000
5.059020 1.500000 0.000000 1.555460 2.000000
5.500000 1.446310 0.000000 2.252860 3.000000
3.549000 1.016780 0.000000 1.008340 2.000000
3.642540 0.936242 0.000000 1.273260 3.000000
-0.500000 0.010067 0.000000 1.000000 2.000000
-0.005568 -0.097315 0.000000 1.334900 3.000000
1.624720 1.365770 0.000000 1.023950 2.000000
1.851890 1.500000 0.000000 1.902180 3.000000
1.504450 1.097320 0.000000 1.690310 3.000000
1.651450 0.667785 0.000000 0.655658 2.000000
2.907570 0.936242 0.000000 1.005010 2.000000
2.974390 0.922819 0.000000 1.677450 3.000000
4.925390 0.788591 0.000000 0.854969 2.000000
5.500000 0.506711 0.000000 1.569820 3.000000
2.506680 -0.500000 0.000000 0.000000 0.000000
