3.896440 1.406040 0.000000 2.501060 2.000000
3.589090 1.204700 0.000000 3.244650 3.000000
3.695990 0.694631 0.000000 0.487356 2.000000
3.575720 0.506711 0.000000 1.044150 3.000000
4.310690 1.244970 0.000000 2.836740 3.000000
3.482180 1.016780 0.000000 0.963251 2.000000
3.589090 0.936242 0.000000 1.224560 3.000000
-0.500000 0.010067 0.000000 1.000000 2.000000
-0.005568 -0.097315 0.000000 1.336540 3.000000
4.938750 1.500000 0.000000 1.590030 2.000000
5.500000 1.446310 0.000000 2.519890 3.000000
1.638080 1.352350 0.000000 0.940901 2.000000
1.891980 1.500000 0.000000 1.963940 3.000000
3.001110 0.600671 0.000000 1.199820 2.000000
2.974390 0.922819 0.000000 1.774670 3.000000
1.504450 1.070470 0.000000 1.680640 3.000000
1.664810 0.681208 0.000000 0.652203 2.000000
4.858570 0.802013 0.000000 0.851211 2.000000
5.500000 0.506711 0.000000 1.628890 3.000000
2.827390 0.506711 0.000000 1.510860 3.000000
2.880850 0.909396 0.000000 1.145600 2.000000
2.506680 -0.500000 0.000000 0.000000 0.000000
