3.188200 1.164430 0.000000 2.451250 2.000000
3.923160 1.271810 0.000000 3.409880 3.000000
2.974390 1.083890 0.000000 2.929790 3.000000
4.030070 0.828859 0.000000 0.914683 2.000000
3.896440 0.909396 0.000000 1.228260 3.000000
2.840760 1.057050 0.000000 2.263870 2.000000
2.640310 0.855705 0.000000 2.538260 3.000000
2.907570 0.949664 0.000000 1.335570 2.000000
2.961020 0.936242 0.000000 2.152240 3.000000
1.638080 1.379190 0.000000 0.967970 2.000000
1.504450 1.137580 0.000000 1.883040 3.000000
3.749440 0.627517 0.000000 0.607070 2.000000
3.562360 0.506711 0.000000 1.279410 3.000000
4.698220 0.775168 0.000000 1.170520 2.000000
4.430960 0.694631 0.000000 1.715220 3.000000
-0.500000 0.010067 0.000000 1.000000 2.000000
-0.005568 -0.097315 0.000000 1.335590 3.000000
1.838530 1.500000 0.000000 1.698280 3.000000
5.099110 0.748322 0.000000 0.813147 2.000000
5.406460 0.506711 0.000000 1.584820 3.000000
3.094650 0.614094 0.000000 1.060460 2.000000
2.907570 0.560403 0.000000 1.470660 3.000000
1.651450 0.667785 0.000000 0.657147 2.000000
2.506680 -0.500000 0.000000 0.000000 0.000000
