3.321830 1.164430 0.000000 2.339880 2.000000
4.083520 1.298660 0.000000 3.679880 3.000000
3.789530 0.640940 0.000000 0.683320 2.000000
3.615810 0.506711 0.000000 1.334580 3.000000
2.974390 1.083890 0.000000 2.979050 3.000000
2.840760 1.057050 0.000000 2.222040 2.000000
2.640310 0.869128 0.000000 2.566490 3.000000
-0.500000 0.010067 0.000000 1.000000 2.000000
-0.005568 -0.097315 0.000000 1.336920 3.000000
2.907570 0.949664 0.000000 1.439020 2.000000
2.961020 0.936242 0.000000 2.257280 3.000000
1.638080 1.379190 0.000000 0.892554 2.000000
1.504450 1.083890 0.000000 1.961190 3.000000
4.751670 0.748322 0.000000 1.205580 2.000000
4.484410 0.640940 0.000000 1.857040 3.000000
5.192650 0.708054 0.000000 0.760379 2.000000
5.500000 0.506711 0.000000 1.629330 3.000000
3.108020 0.600671 0.000000 0.850611 2.000000
2.907570 0.546980 0.000000 1.570560 3.000000
1.851890 1.500000 0.000000 1.559460 3.000000
1.651450 0.667785 0.000000 0.664186 2.000000
2.506680 -0.500000 0.000000 0.000000 0.000000
