3.829620 1.500000 0.000000 2.509680 2.000000
3.508910 1.204700 0.000000 3.173650 3.000000
4.297330 1.231540 0.000000 2.967640 3.000000
3.695990 0.694631 0.000000 0.442443 2.000000
3.562360 0.506711 0.000000 1.089310 3.000000
3.442090 1.016780 0.000000 0.864839 2.000000
3.549000 0.949664 0.000000 1.139010 3.000000
-0.500000 0.010067 0.000000 1.000000 2.000000
-0.005568 -0.097315 0.000000 1.337590 3.000000
4.871940 1.500000 0.000000 1.612010 2.000000
5.500000 1.446310 0.000000 2.687660 3.000000
1.638080 1.352350 0.000000 0.880178 2.000000
1.905350 1.500000 0.000000 1.975960 3.000000
2.894210 0.909396 0.000000 1.201960 2.000000
2.974390 0.922819 0.000000 1.806390 3.000000
1.504450 1.070470 0.000000 1.675050 3.000000
1.664810 0.681208 0.000000 0.649510 2.000000
4.845210 0.788591 0.000000 0.831909 2.000000
5.500000 0.506711 0.000000 1.647080 3.000000
2.987750 0.587248 0.000000 1.133810 2.000000
2.854120 0.506711 0.000000 1.593880 3.000000
2.506680 -0.500000 0.000000 0.000000 0.000000
