3.241650 1.164430 0.000000 2.398650 2.000000
4.003340 1.285230 0.000000 3.538890 3.000000
3.896440 1.110740 0.000000 1.022150 2.000000
3.883070 0.963087 0.000000 1.270610 3.000000
2.974390 1.083890 0.000000 2.968680 3.000000
2.840760 1.057050 0.000000 2.244830 2.000000
2.640310 0.869128 0.000000 2.548890 3.000000
3.762810 0.640940 0.000000 0.650999 2.000000
3.589090 0.506711 0.000000 1.315080 3.000000
2.907570 0.949664 0.000000 1.391470 2.000000
2.961020 0.936242 0.000000 2.200380 3.000000
1.638080 1.379190 0.000000 0.927479 2.000000
1.504450 1.110740 0.000000 1.935570 3.000000
-0.500000 0.010067 0.000000 1.000000 2.000000
-0.005568 -0.097315 0.000000 1.336420 3.000000
4.711580 0.761745 0.000000 1.188140 2.000000
4.457680 0.667785 0.000000 1.777740 3.000000
1.838530 1.500000 0.000000 1.620290 3.000000
1.651450 0.667785 0.000000 0.660052 2.000000
5.152560 0.721476 0.000000 0.786307 2.000000
5.446550 0.506711 0.000000 1.608730 3.000000
3.108020 0.600671 0.000000 0.950352 2.000000
2.907570 0.546980 0.000000 1.527430 3.000000
2.506680 -0.500000 0.000000 0.000000 0.000000
