3.468820 1.312080 0.000000 2.199350 2.000000
4.364140 1.338930 0.000000 4.092590 3.000000
3.856350 0.654362 0.000000 0.739259 2.000000
3.669270 0.506711 0.000000 1.334750 3.000000
2.867480 1.057050 0.000000 2.282100 2.000000
2.974390 1.083890 0.000000 2.944950 3.000000
2.653670 0.882550 0.000000 2.571770 3.000000
-0.500000 0.010067 0.000000 1.000000 2.000000
-0.005568 -0.097315 0.000000 1.336780 3.000000
2.907570 0.963087 0.000000 1.342150 2.000000
2.961020 0.936242 0.000000 2.283080 3.000000
4.283960 0.788591 0.000000 1.679230 2.000000
4.524500 0.600671 0.000000 2.163170 3.000000
1.651450 1.338930 0.000000 0.811944 2.000000
1.504450 1.016780 0.000000 1.948900 3.000000
2.720490 0.667785 0.000000 1.043310 2.000000
2.880850 0.520134 0.000000 1.590220 3.000000
5.299550 0.681208 0.000000 0.697553 2.000000
5.500000 0.506711 0.000000 1.564080 3.000000
2.038980 1.500000 0.000000 1.543760 3.000000
1.678170 0.694631 0.000000 0.717295 2.000000
2.506680 -0.500000 0.000000 0.000000 0.000000
