3.108020 1.137580 0.000000 2.508030 2.000000
3.829620 1.258390 0.000000 3.317910 3.000000
3.749440 0.627517 0.000000 0.553330 2.000000
3.535630 0.506711 0.000000 1.217350 3.000000
2.974390 1.083890 0.000000 2.855510 3.000000
2.854120 1.043620 0.000000 2.266750 2.000000
2.640310 0.855705 0.000000 2.546790 3.000000
3.655900 1.057050 0.000000 0.960872 2.000000
3.762810 0.976510 0.000000 1.233080 3.000000
2.907570 0.963087 0.000000 1.298730 2.000000
2.961020 0.936242 0.000000 2.058070 3.000000
-0.500000 0.010067 0.000000 1.000000 2.000000
-0.005568 -0.097315 0.000000 1.334710 3.000000
5.206010 1.500000 0.000000 1.502920 2.000000
5.500000 1.419460 0.000000 1.858770 3.000000
1.638080 1.379190 0.000000 1.009680 2.000000
1.504450 1.151010 0.000000 1.804440 3.000000
1.838530 1.500000 0.000000 1.777360 3.000000
1.651450 0.667785 0.000000 0.655343 2.000000
4.711580 0.788591 0.000000 1.232180 2.000000
4.430960 0.721476 0.000000 1.643420 3.000000
5.045660 0.761745 0.000000 0.835607 2.000000
5.353010 0.506711 0.000000 1.552160 3.000000
3.081290 0.627517 0.000000 1.140650 2.000000
2.907570 0.560403 0.000000 1.417110 3.000000
2.506680 -0.500000 0.000000 0.000000 0.000000
