3.669270 1.500000 0.000000 2.074760 2.000000
4.644770 1.392620 0.000000 3.884190 3.000000
5.500000 0.708054 0.000000 0.647119 2.000000
5.500000 0.506711 0.000000 1.211650 3.000000
3.909800 0.627517 0.000000 0.725768 2.000000
3.736080 0.506711 0.000000 1.235940 3.000000
-0.500000 0.010067 0.000000 1.000000 2.000000
-0.005568 -0.097315 0.000000 1.335410 3.000000
2.974390 1.083890 0.000000 2.980520 3.000000
3.094650 0.560403 0.000000 1.065200 2.000000
2.974390 0.506711 0.000000 1.510670 3.000000
1.678170 1.312080 0.000000 0.806590 2.000000
1.998890 1.500000 0.000000 1.699180 3.000000
4.310690 0.734899 0.000000 1.684760 2.000000
1.678170 0.694631 0.000000 0.808621 2.000000
1.504450 0.976510 0.000000 1.860780 3.000000
2.894210 0.895973 0.000000 1.144670 2.000000
2.974390 0.936242 0.000000 2.004300 3.000000
4.537860 0.546980 0.000000 2.301850 3.000000
2.506680 -0.500000 0.000000 0.000000 0.000000
