3.201560 1.151010 0.000000 2.429870 2.000000
3.949890 1.271810 0.000000 3.446600 3.000000
4.070160 0.842282 0.000000 0.934504 2.000000
3.896440 0.922819 0.000000 1.250690 3.000000
2.974390 1.083890 0.000000 2.945840 3.000000
2.840760 1.057050 0.000000 2.259430 2.000000
2.640310 0.855705 0.000000 2.539530 3.000000
3.762810 0.640940 0.000000 0.621216 2.000000
3.575720 0.506711 0.000000 1.292700 3.000000
2.907570 0.949664 0.000000 1.351920 2.000000
2.961020 0.936242 0.000000 2.166100 3.000000
1.638080 1.379190 0.000000 0.954723 2.000000
1.504450 1.137580 0.000000 1.902440 3.000000
-0.500000 0.010067 0.000000 1.000000 2.000000
-0.005568 -0.097315 0.000000 1.335880 3.000000
4.684860 0.761745 0.000000 1.173840 2.000000
4.444320 0.681208 0.000000 1.732620 3.000000
1.825170 1.500000 0.000000 1.672630 3.000000
1.651450 0.667785 0.000000 0.657968 2.000000
5.112470 0.734899 0.000000 0.804502 2.000000
5.406460 0.506711 0.000000 1.593220 3.000000
3.094650 0.614094 0.000000 1.021240 2.000000
2.907570 0.560403 0.000000 1.485600 3.000000
2.506680 -0.500000 0.000000 0.000000 0.000000
