3.749440 1.406040 0.000000 2.522000 2.000000
3.468820 1.191280 0.000000 3.115030 3.000000
3.415370 1.030200 0.000000 0.767438 2.000000
3.535630 0.949664 0.000000 1.068090 3.000000
4.243880 1.231540 0.000000 3.059180 3.000000
3.695990 0.681208 0.000000 0.433888 2.000000
3.562360 0.506711 0.000000 1.123300 3.000000
-0.500000 0.010067 0.000000 1.000000 2.000000
-0.005568 -0.097315 0.000000 1.338110 3.000000
4.831850 1.500000 0.000000 1.628700 2.000000
5.500000 1.446310 0.000000 2.807980 3.000000
1.624720 1.365770 0.000000 0.849196 2.000000
1.932070 1.500000 0.000000 1.971550 3.000000
2.894210 0.909396 0.000000 1.218830 2.000000
2.961020 0.936242 0.000000 1.824960 3.000000
3.989980 0.922819 0.000000 1.384700 2.000000
4.030070 0.748322 0.000000 1.737180 3.000000
1.504450 1.070470 0.000000 1.670650 3.000000
1.651450 0.694631 0.000000 0.650095 2.000000
4.818490 0.761745 0.000000 0.809035 2.000000
5.500000 0.506711 0.000000 1.637190 3.000000
3.001110 0.573825 0.000000 1.085510 2.000000
2.867480 0.506711 0.000000 1.634340 3.000000
2.506680 -0.500000 0.000000 0.000000 0.000000
