3.375280 1.298660 0.000000 2.242100 2.000000
4.270600 1.312080 0.000000 3.967560 3.000000
-0.500000 0.010067 0.000000 1.000000 2.000000
-0.005568 -0.097315 0.000000 1.337540 3.000000
2.974390 1.083890 0.000000 2.953260 3.000000
2.854120 1.070470 0.000000 2.234180 2.000000
2.640310 0.869128 0.000000 2.575030 3.000000
2.894210 0.949664 0.000000 1.422290 2.000000
2.961020 0.936242 0.000000 2.315910 3.000000
4.190420 1.043620 0.000000 1.356820 2.000000
4.511140 0.614094 0.000000 2.053710 3.000000
1.638080 1.352350 0.000000 0.832517 2.000000
1.504450 1.043620 0.000000 1.965930 3.000000
5.259470 0.694631 0.000000 0.716279 2.000000
5.500000 0.506711 0.000000 1.622620 3.000000
2.720490 0.681208 0.000000 0.996534 2.000000
2.880850 0.533557 0.000000 1.603390 3.000000
1.945430 1.500000 0.000000 1.499170 3.000000
1.664810 0.681208 0.000000 0.687671 2.000000
3.829620 0.654362 0.000000 0.726838 2.000000
3.655900 0.506711 0.000000 1.346080 3.000000
2.506680 -0.500000 0.000000 0.000000 0.000000
