3.335190 1.177850 0.000000 2.312600 2.000000
4.123610 1.298660 0.000000 3.743400 3.000000
-0.500000 0.010067 0.000000 1.000000 2.000000
-0.005568 -0.097315 0.000000 1.337030 3.000000
2.974390 1.083890 0.000000 2.966220 3.000000
2.840760 1.057050 0.000000 2.215750 2.000000
2.640310 0.869128 0.000000 2.571560 3.000000
2.907570 0.949664 0.000000 1.452770 2.000000
2.961020 0.936242 0.000000 2.279130 3.000000
1.638080 1.379190 0.000000 0.878539 2.000000
1.504450 1.083890 0.000000 1.966440 3.000000
4.751670 0.748322 0.000000 1.207280 2.000000
4.484410 0.640940 0.000000 1.898610 3.000000
5.192650 0.708054 0.000000 0.750950 2.000000
5.500000 0.506711 0.000000 1.637010 3.000000
2.707130 0.681208 0.000000 0.877097 2.000000
2.894210 0.546980 0.000000 1.579390 3.000000
1.851890 1.500000 0.000000 1.538740 3.000000
1.651450 0.667785 0.000000 0.666511 2.000000
3.802900 0.654362 0.000000 0.696553 2.000000
3.615810 0.506711 0.000000 1.339920 3.000000
2.506680 -0.500000 0.000000 0.000000 0.000000
