3.629180 1.406040 0.000000 2.556680 2.000000
4.123610 1.231540 0.000000 3.157520 3.000000
3.709350 0.667785 0.000000 0.437223 2.000000
3.535630 0.506711 0.000000 1.173400 3.000000
4.738310 1.500000 0.000000 1.672580 2.000000
5.500000 1.365770 0.000000 3.056130 3.000000
-0.500000 0.010067 0.000000 1.000000 2.000000
-0.005568 -0.097315 0.000000 1.338590 3.000000
3.388640 1.177850 0.000000 2.967460 3.000000
1.611360 1.379190 0.000000 0.822736 2.000000
1.972160 1.500000 0.000000 1.938930 3.000000
2.894210 0.909396 0.000000 1.218820 2.000000
2.961020 0.936242 0.000000 1.802980 3.000000
3.949890 0.922819 0.000000 1.214700 2.000000
4.096880 0.708054 0.000000 1.713810 3.000000
1.504450 1.070470 0.000000 1.662830 3.000000
1.638080 0.681208 0.000000 0.659484 2.000000
4.778400 0.775168 0.000000 0.755688 2.000000
5.500000 0.506711 0.000000 1.557490 3.000000
3.027840 0.573825 0.000000 0.973210 2.000000
2.907570 0.506711 0.000000 1.660750 3.000000
2.506680 -0.500000 0.000000 0.000000 0.000000
