3.642540 1.500000 0.000000 2.088580 2.000000
4.604680 1.392620 0.000000 3.949210 3.000000
2.974390 1.083890 0.000000 2.982770 3.000000
3.896440 0.640940 0.000000 0.730030 2.000000
3.722720 0.506711 0.000000 1.255200 3.000000
5.500000 0.708054 0.000000 0.656214 2.000000
5.500000 0.506711 0.000000 1.273940 3.000000
-0.500000 0.010067 0.000000 1.000000 2.000000
-0.005568 -0.097315 0.000000 1.335750 3.000000
4.310690 0.734899 0.000000 1.708470 2.000000
4.537860 0.560403 0.000000 2.304110 3.000000
2.894210 0.949664 0.000000 1.156570 2.000000
2.974390 0.936242 0.000000 2.042820 3.000000
1.678170 1.312080 0.000000 0.805442 2.000000
1.504450 0.976510 0.000000 1.875180 3.000000
3.108020 0.573825 0.000000 1.031840 2.000000
2.880850 0.506711 0.000000 1.469480 3.000000
1.998890 1.500000 0.000000 1.684080 3.000000
1.678170 0.694631 0.000000 0.800638 2.000000
2.506680 -0.500000 0.000000 0.000000 0.000000
