3.335190 1.177850 0.000000 2.325680 2.000000
4.110240 1.298660 0.000000 3.712150 3.000000
-0.500000 0.010067 0.000000 1.000000 2.000000
-0.005568 -0.097315 0.000000 1.336940 3.000000
2.974390 1.083890 0.000000 2.967690 3.000000
2.840760 1.057050 0.000000 2.218140 2.000000
2.640310 0.869128 0.000000 2.569250 3.000000
2.907570 0.949664 0.000000 1.446320 2.000000
2.961020 0.936242 0.000000 2.268120 3.000000
1.638080 1.379190 0.000000 0.885501 2.000000
1.504450 1.083890 0.000000 1.964450 3.000000
4.751670 0.748322 0.000000 1.209020 2.000000
4.484410 0.640940 0.000000 1.878090 3.000000
5.192650 0.708054 0.000000 0.755805 2.000000
5.500000 0.506711 0.000000 1.633730 3.000000
2.707130 0.681208 0.000000 0.859712 2.000000
2.894210 0.546980 0.000000 1.575040 3.000000
1.851890 1.500000 0.000000 1.548820 3.000000
1.651450 0.667785 0.000000 0.665332 2.000000
3.789530 0.640940 0.000000 0.690303 2.000000
3.615810 0.506711 0.000000 1.337680 3.000000
2.506680 -0.500000 0.000000 0.000000 0.000000
