3.468820 1.312080 0.000000 2.189380 2.000000
4.390870 1.338930 0.000000 4.111410 3.000000
2.867480 1.057050 0.000000 2.291590 2.000000
2.974390 1.083890 0.000000 2.950450 3.000000
3.856350 0.654362 0.000000 0.739352 2.000000
3.682630 0.506711 0.000000 1.330750 3.000000
2.653670 0.882550 0.000000 2.570600 3.000000
-0.500000 0.010067 0.000000 1.000000 2.000000
-0.005568 -0.097315 0.000000 1.336510 3.000000
2.907570 0.963087 0.000000 1.323720 2.000000
2.961020 0.936242 0.000000 2.268100 3.000000
4.283960 0.788591 0.000000 1.689420 2.000000
4.524500 0.600671 0.000000 2.180920 3.000000
1.664810 1.325500 0.000000 0.809741 2.000000
1.504450 1.016780 0.000000 1.944270 3.000000
2.720490 0.654362 0.000000 1.045410 2.000000
2.867480 0.520134 0.000000 1.583730 3.000000
2.038980 1.500000 0.000000 1.557130 3.000000
1.678170 0.694631 0.000000 0.724328 2.000000
5.299550 0.681208 0.000000 0.693087 2.000000
5.500000 0.506711 0.000000 1.546030 3.000000
2.506680 -0.500000 0.000000 0.000000 0.000000
