3.295100 1.164430 0.000000 2.374490 2.000000
4.043430 1.285230 0.000000 3.590730 3.000000
2.974390 1.083890 0.000000 2.979520 3.000000
3.776170 0.654362 0.000000 0.665620 2.000000
3.602450 0.506711 0.000000 1.323760 3.000000
2.840760 1.057050 0.000000 2.235150 2.000000
2.640310 0.869128 0.000000 2.556440 3.000000
-0.500000 0.010067 0.000000 1.000000 2.000000
-0.005568 -0.097315 0.000000 1.336670 3.000000
2.907570 0.949664 0.000000 1.411940 2.000000
2.961020 0.936242 0.000000 2.222520 3.000000
1.638080 1.379190 0.000000 0.913588 2.000000
1.504450 1.110740 0.000000 1.947620 3.000000
4.724940 0.748322 0.000000 1.198530 2.000000
4.471050 0.654362 0.000000 1.805750 3.000000
5.165920 0.708054 0.000000 0.776501 2.000000
5.459910 0.506711 0.000000 1.616490 3.000000
1.838530 1.500000 0.000000 1.595000 3.000000
1.651450 0.667785 0.000000 0.661419 2.000000
3.108020 0.600671 0.000000 0.910427 2.000000
2.907570 0.546980 0.000000 1.548460 3.000000
2.506680 -0.500000 0.000000 0.000000 0.000000
