3.214920 1.164430 0.000000 2.404940 2.000000
3.989980 1.285230 0.000000 3.512840 3.000000
2.974390 1.083890 0.000000 2.963480 3.000000
3.869710 1.097320 0.000000 0.974559 2.000000
3.883070 0.963087 0.000000 1.269870 3.000000
2.840760 1.057050 0.000000 2.249180 2.000000
2.613590 0.828859 0.000000 2.545670 3.000000
3.762810 0.640940 0.000000 0.643223 2.000000
3.589090 0.506711 0.000000 1.309900 3.000000
-0.500000 0.010067 0.000000 1.000000 2.000000
-0.005568 -0.097315 0.000000 1.336270 3.000000
2.907570 0.949664 0.000000 1.381150 2.000000
2.961020 0.936242 0.000000 2.190530 3.000000
1.638080 1.379190 0.000000 0.934366 2.000000
1.504450 1.124160 0.000000 1.928190 3.000000
4.711580 0.761745 0.000000 1.184410 2.000000
4.457680 0.667785 0.000000 1.764610 3.000000
1.838530 1.500000 0.000000 1.633250 3.000000
1.651450 0.667785 0.000000 0.659477 2.000000
5.139200 0.708054 0.000000 0.790967 2.000000
5.433180 0.506711 0.000000 1.604880 3.000000
3.108020 0.600671 0.000000 0.968603 2.000000
2.907570 0.546980 0.000000 1.515680 3.000000
2.506680 -0.500000 0.000000 0.000000 0.000000
