3.722720 1.500000 0.000000 2.053460 2.000000
4.684860 1.406040 0.000000 3.761530 3.000000
5.500000 0.694631 0.000000 0.628029 2.000000
5.500000 0.506711 0.000000 1.082570 3.000000
2.987750 1.097320 0.000000 2.976390 3.000000
3.923160 0.640940 0.000000 0.712576 2.000000
3.749440 0.506711 0.000000 1.194950 3.000000
-0.500000 0.010067 0.000000 1.000000 2.000000
-0.005568 -0.097315 0.000000 1.335390 3.000000
4.310690 0.721476 0.000000 1.613270 2.000000
4.537860 0.546980 0.000000 2.273760 3.000000
2.894210 0.882550 0.000000 1.162430 2.000000
2.974390 0.936242 0.000000 1.936560 3.000000
1.664810 0.681208 0.000000 0.817978 2.000000
1.504450 0.963087 0.000000 1.829790 3.000000
3.081290 0.573825 0.000000 1.152830 2.000000
2.974390 0.506711 0.000000 1.640020 3.000000
1.678170 1.312080 0.000000 0.808692 2.000000
1.972160 1.500000 0.000000 1.720220 3.000000
2.506680 -0.500000 0.000000 0.000000 0.000000
