3.709350 1.406040 0.000000 2.534280 2.000000
4.203790 1.231540 0.000000 3.110470 3.000000
3.442090 1.191280 0.000000 3.057620 3.000000
3.615810 1.003360 0.000000 0.692614 2.000000
3.522270 0.949664 0.000000 0.998397 3.000000
3.709350 0.667785 0.000000 0.436569 2.000000
3.549000 0.506711 0.000000 1.144970 3.000000
-0.500000 0.010067 0.000000 1.000000 2.000000
-0.005568 -0.097315 0.000000 1.338360 3.000000
4.791760 1.500000 0.000000 1.643020 2.000000
5.500000 1.432890 0.000000 2.887060 3.000000
1.624720 1.365770 0.000000 0.834185 2.000000
1.945430 1.500000 0.000000 1.962120 3.000000
2.894210 0.909396 0.000000 1.223680 2.000000
2.961020 0.936242 0.000000 1.826740 3.000000
3.976610 0.922819 0.000000 1.324850 2.000000
4.056790 0.734899 0.000000 1.742690 3.000000
1.504450 1.070470 0.000000 1.667340 3.000000
1.651450 0.667785 0.000000 0.653159 2.000000
4.805120 0.775168 0.000000 0.790513 2.000000
5.500000 0.506711 0.000000 1.616390 3.000000
3.001110 0.573825 0.000000 1.050740 2.000000
2.880850 0.506711 0.000000 1.654940 3.000000
2.506680 -0.500000 0.000000 0.000000 0.000000
