3.321830 1.164430 0.000000 2.347770 2.000000
4.070160 1.298660 0.000000 3.647200 3.000000
2.974390 1.083890 0.000000 2.981920 3.000000
3.789530 0.640940 0.000000 0.676154 2.000000
3.602450 0.506711 0.000000 1.331190 3.000000
2.840760 1.057050 0.000000 2.226170 2.000000
2.640310 0.869128 0.000000 2.563520 3.000000
2.907570 0.949664 0.000000 1.430720 2.000000
2.961020 0.936242 0.000000 2.245980 3.000000
-0.500000 0.010067 0.000000 1.000000 2.000000
-0.005568 -0.097315 0.000000 1.336850 3.000000
1.638080 1.379190 0.000000 0.899553 2.000000
1.504450 1.097320 0.000000 1.957450 3.000000
4.738310 0.761745 0.000000 1.204970 2.000000
4.471050 0.654362 0.000000 1.838840 3.000000
5.179290 0.694631 0.000000 0.765895 2.000000
5.500000 0.506711 0.000000 1.624570 3.000000
1.838530 1.500000 0.000000 1.570780 3.000000
3.108020 0.600671 0.000000 0.869815 2.000000
2.907570 0.546980 0.000000 1.564640 3.000000
1.651450 0.667785 0.000000 0.663121 2.000000
2.506680 -0.500000 0.000000 0.000000 0.000000
