3.361920 1.285230 0.000000 2.255220 2.000000
4.217150 1.312080 0.000000 3.910490 3.000000
-0.500000 0.010067 0.000000 1.000000 2.000000
-0.005568 -0.097315 0.000000 1.337870 3.000000
2.974390 1.083890 0.000000 2.958750 3.000000
2.854120 1.057050 0.000000 2.223370 2.000000
2.640310 0.869128 0.000000 2.575360 3.000000
2.894210 0.949664 0.000000 1.443170 2.000000
2.961020 0.936242 0.000000 2.311780 3.000000
4.150330 1.030200 0.000000 1.233480 2.000000
4.497770 0.627517 0.000000 2.006770 3.000000
1.638080 1.379190 0.000000 0.844555 2.000000
1.504450 1.043620 0.000000 1.968970 3.000000
5.232740 0.694631 0.000000 0.726102 2.000000
5.500000 0.506711 0.000000 1.633610 3.000000
2.720490 0.694631 0.000000 0.965108 2.000000
2.894210 0.533557 0.000000 1.604890 3.000000
1.905350 1.500000 0.000000 1.502440 3.000000
3.816260 0.640940 0.000000 0.720768 2.000000
3.642540 0.506711 0.000000 1.346960 3.000000
1.664810 0.681208 0.000000 0.679680 2.000000
2.506680 -0.500000 0.000000 0.000000 0.000000
