3.883070 1.406040 0.000000 2.501520 2.000000
3.575720 1.204700 0.000000 3.238630 3.000000
4.310690 1.244970 0.000000 2.854910 3.000000
3.682630 0.694631 0.000000 0.478457 2.000000
3.575720 0.506711 0.000000 1.050700 3.000000
4.938750 1.500000 0.000000 1.593430 2.000000
5.500000 1.446310 0.000000 2.548640 3.000000
3.482180 1.016780 0.000000 0.950018 2.000000
3.589090 0.936242 0.000000 1.212850 3.000000
-0.500000 0.010067 0.000000 1.000000 2.000000
-0.005568 -0.097315 0.000000 1.336700 3.000000
1.638080 1.352350 0.000000 0.930647 2.000000
1.891980 1.500000 0.000000 1.968020 3.000000
3.001110 0.600671 0.000000 1.192190 2.000000
2.974390 0.922819 0.000000 1.782060 3.000000
1.504450 1.070470 0.000000 1.679860 3.000000
4.858570 0.802013 0.000000 0.848939 2.000000
5.500000 0.506711 0.000000 1.634060 3.000000
1.664810 0.681208 0.000000 0.651587 2.000000
2.840760 0.506711 0.000000 1.526050 3.000000
2.894210 0.909396 0.000000 1.159400 2.000000
2.506680 -0.500000 0.000000 0.000000 0.000000
