3.896440 0.640940 0.000000 0.733884 2.000000
3.709350 0.506711 0.000000 1.272470 3.000000
3.602450 1.392620 0.000000 2.103740 2.000000
4.577950 1.379190 0.000000 4.012600 3.000000
5.500000 0.721476 0.000000 0.662798 2.000000
5.500000 0.506711 0.000000 1.332940 3.000000
-0.500000 0.010067 0.000000 1.000000 2.000000
-0.005568 -0.097315 0.000000 1.335820 3.000000
2.974390 1.083890 0.000000 2.981670 3.000000
4.310690 0.761745 0.000000 1.722770 2.000000
3.108020 0.573825 0.000000 0.989420 2.000000
2.867480 0.506711 0.000000 1.488500 3.000000
1.678170 1.312080 0.000000 0.804419 2.000000
2.012250 1.500000 0.000000 1.666270 3.000000
1.504450 0.989933 0.000000 1.889510 3.000000
4.537860 0.560403 0.000000 2.295360 3.000000
1.678170 0.694631 0.000000 0.789658 2.000000
2.894210 0.949664 0.000000 1.179010 2.000000
2.974390 0.936242 0.000000 2.083460 3.000000
2.506680 -0.500000 0.000000 0.000000 0.000000
