3.495550 1.312080 0.000000 2.179180 2.000000
4.417590 1.338930 0.000000 4.117160 3.000000
2.867480 1.057050 0.000000 2.303030 2.000000
2.974390 1.083890 0.000000 2.959040 3.000000
3.869710 0.640940 0.000000 0.739655 2.000000
3.682630 0.506711 0.000000 1.326540 3.000000
-0.500000 0.010067 0.000000 1.000000 2.000000
-0.005568 -0.097315 0.000000 1.336420 3.000000
2.653670 0.882550 0.000000 2.569800 3.000000
2.907570 0.963087 0.000000 1.304700 2.000000
2.961020 0.936242 0.000000 2.251800 3.000000
4.283960 0.761745 0.000000 1.697930 2.000000
4.524500 0.587248 0.000000 2.199650 3.000000
1.664810 1.325500 0.000000 0.808042 2.000000
1.504450 1.016780 0.000000 1.938800 3.000000
2.720490 0.654362 0.000000 1.044350 2.000000
2.867480 0.506711 0.000000 1.577490 3.000000
2.038980 1.500000 0.000000 1.570210 3.000000
1.678170 0.694631 0.000000 0.731598 2.000000
5.299550 0.681208 0.000000 0.689244 2.000000
5.500000 0.506711 0.000000 1.529070 3.000000
2.506680 -0.500000 0.000000 0.000000 0.000000
