3.094650 1.151010 0.000000 2.518620 2.000000
3.816260 1.258390 0.000000 3.306650 3.000000
2.974390 1.083890 0.000000 2.844460 3.000000
3.736080 0.614094 0.000000 0.548223 2.000000
3.535630 0.506711 0.000000 1.206650 3.000000
2.854120 1.043620 0.000000 2.265880 2.000000
2.640310 0.855705 0.000000 2.548720 3.000000
3.655900 1.043620 0.000000 0.972362 2.000000
3.749440 0.976510 0.000000 1.243550 3.000000
2.907570 0.963087 0.000000 1.290250 2.000000
2.961020 0.936242 0.000000 2.033490 3.000000
5.192650 1.500000 0.000000 1.506420 2.000000
5.500000 1.419460 0.000000 1.884360 3.000000
-0.500000 0.010067 0.000000 1.000000 2.000000
-0.005568 -0.097315 0.000000 1.334590 3.000000
1.638080 1.379190 0.000000 1.014590 2.000000
1.504450 1.151010 0.000000 1.793020 3.000000
1.838530 1.500000 0.000000 1.786890 3.000000
1.651450 0.667785 0.000000 0.655252 2.000000
4.698220 0.802013 0.000000 1.247360 2.000000
4.430960 0.721476 0.000000 1.629840 3.000000
5.032290 0.761745 0.000000 0.837577 2.000000
5.353010 0.506711 0.000000 1.547120 3.000000
3.067930 0.614094 0.000000 1.148240 2.000000
2.907570 0.560403 0.000000 1.410380 3.000000
2.506680 -0.500000 0.000000 0.000000 0.000000
