3.214920 1.164430 0.000000 2.413950 2.000000
3.976610 1.285230 0.000000 3.486610 3.000000
2.974390 1.083890 0.000000 2.958300 3.000000
4.070160 0.842282 0.000000 0.955263 2.000000
3.883070 0.949664 0.000000 1.266860 3.000000
2.840760 1.057050 0.000000 2.252990 2.000000
2.613590 0.828859 0.000000 2.543270 3.000000
3.762810 0.640940 0.000000 0.635607 2.000000
3.575720 0.506711 0.000000 1.304410 3.000000
2.907570 0.949664 0.000000 1.370960 2.000000
2.961020 0.936242 0.000000 2.181530 3.000000
1.638080 1.379190 0.000000 0.941208 2.000000
1.504450 1.124160 0.000000 1.920620 3.000000
-0.500000 0.010067 0.000000 1.000000 2.000000
-0.005568 -0.097315 0.000000 1.336170 3.000000
4.711580 0.761745 0.000000 1.179530 2.000000
4.444320 0.681208 0.000000 1.752700 3.000000
1.825170 1.500000 0.000000 1.646450 3.000000
1.651450 0.667785 0.000000 0.658919 2.000000
5.139200 0.734899 0.000000 0.795117 2.000000
5.433180 0.506711 0.000000 1.601050 3.000000
3.108020 0.600671 0.000000 0.984912 2.000000
2.920940 0.546980 0.000000 1.503980 3.000000
2.506680 -0.500000 0.000000 0.000000 0.000000
