3.361920 1.177850 0.000000 2.300880 2.000000
4.150330 1.298660 0.000000 3.772910 3.000000
2.974390 1.083890 0.000000 2.965590 3.000000
-0.500000 0.010067 0.000000 1.000000 2.000000
-0.005568 -0.097315 0.000000 1.338240 3.000000
2.840760 1.057050 0.000000 2.214770 2.000000
2.640310 0.869128 0.000000 2.573200 3.000000
2.907570 0.949664 0.000000 1.457840 2.000000
2.961020 0.936242 0.000000 2.286930 3.000000
1.638080 1.379190 0.000000 0.871633 2.000000
1.504450 1.070470 0.000000 1.968890 3.000000
4.778400 0.748322 0.000000 1.203970 2.000000
4.484410 0.640940 0.000000 1.918380 3.000000
5.206010 0.694631 0.000000 0.745092 2.000000
5.500000 0.506711 0.000000 1.638770 3.000000
3.802900 0.654362 0.000000 0.701057 2.000000
3.629180 0.506711 0.000000 1.342400 3.000000
2.707130 0.681208 0.000000 0.894323 2.000000
2.907570 0.533557 0.000000 1.585360 3.000000
1.865260 1.500000 0.000000 1.529530 3.000000
1.664810 0.681208 0.000000 0.668401 2.000000
2.506680 -0.500000 0.000000 0.000000 0.000000
