3.842980 1.500000 0.000000 2.507260 2.000000
3.522270 1.204700 0.000000 3.190030 3.000000
3.695990 0.694631 0.000000 0.447820 2.000000
3.575720 0.506711 0.000000 1.081160 3.000000
4.297330 1.244970 0.000000 2.942580 3.000000
3.455460 1.016780 0.000000 0.890424 2.000000
3.562360 0.936242 0.000000 1.155920 3.000000
-0.500000 0.010067 0.000000 1.000000 2.000000
-0.005568 -0.097315 0.000000 1.337390 3.000000
4.885300 1.500000 0.000000 1.608290 2.000000
5.500000 1.446310 0.000000 2.659360 3.000000
1.638080 1.352350 0.000000 0.889791 2.000000
1.905350 1.500000 0.000000 1.976140 3.000000
2.894210 0.909396 0.000000 1.195550 2.000000
2.974390 0.922819 0.000000 1.803120 3.000000
1.504450 1.070470 0.000000 1.676120 3.000000
1.664810 0.681208 0.000000 0.649697 2.000000
4.858570 0.775168 0.000000 0.837446 2.000000
5.500000 0.506711 0.000000 1.646450 3.000000
2.987750 0.587248 0.000000 1.147320 2.000000
2.854120 0.506711 0.000000 1.581450 3.000000
2.506680 -0.500000 0.000000 0.000000 0.000000
