3.695990 1.406040 0.000000 2.538700 2.000000
4.190420 1.231540 0.000000 3.122520 3.000000
3.615810 1.003360 0.000000 0.678700 2.000000
3.508910 0.963087 0.000000 0.974095 3.000000
3.428730 1.191280 0.000000 3.037710 3.000000
3.709350 0.667785 0.000000 0.435728 2.000000
3.549000 0.506711 0.000000 1.152040 3.000000
4.778400 1.500000 0.000000 1.648330 2.000000
5.500000 1.432890 0.000000 2.917880 3.000000
-0.500000 0.010067 0.000000 1.000000 2.000000
-0.005568 -0.097315 0.000000 1.338470 3.000000
1.624720 1.365770 0.000000 0.830629 2.000000
1.958800 1.500000 0.000000 1.958170 3.000000
2.894210 0.909396 0.000000 1.223850 2.000000
2.961020 0.936242 0.000000 1.824470 3.000000
3.963250 0.922819 0.000000 1.301570 2.000000
4.056790 0.734899 0.000000 1.740810 3.000000
1.504450 1.070470 0.000000 1.666400 3.000000
1.651450 0.667785 0.000000 0.654547 2.000000
3.014480 0.587248 0.000000 1.034740 2.000000
2.880850 0.506711 0.000000 1.658990 3.000000
4.791760 0.761745 0.000000 0.783529 2.000000
5.500000 0.506711 0.000000 1.606910 3.000000
2.506680 -0.500000 0.000000 0.000000 0.000000
