3.629180 1.392620 0.000000 2.096490 2.000000
4.577950 1.392620 0.000000 3.979000 3.000000
3.896440 0.640940 0.000000 0.732260 2.000000
3.722720 0.506711 0.000000 1.264470 3.000000
2.974390 1.083890 0.000000 2.982950 3.000000
5.500000 0.708054 0.000000 0.657559 2.000000
5.500000 0.506711 0.000000 1.301610 3.000000
-0.500000 0.010067 0.000000 1.000000 2.000000
-0.005568 -0.097315 0.000000 1.335470 3.000000
4.310690 0.734899 0.000000 1.716910 2.000000
4.537860 0.560403 0.000000 2.300490 3.000000
2.894210 0.949664 0.000000 1.167470 2.000000
2.974390 0.936242 0.000000 2.063240 3.000000
1.678170 1.312080 0.000000 0.804871 2.000000
1.504450 0.989933 0.000000 1.882350 3.000000
2.012250 1.500000 0.000000 1.675400 3.000000
3.108020 0.573825 0.000000 1.010260 2.000000
2.867480 0.506711 0.000000 1.477430 3.000000
1.678170 0.694631 0.000000 0.795434 2.000000
2.506680 -0.500000 0.000000 0.000000 0.000000
