3.776170 1.406040 0.000000 2.515240 2.000000
3.495550 1.191280 0.000000 3.146370 3.000000
3.428730 1.030200 0.000000 0.822142 2.000000
3.549000 0.949664 0.000000 1.106550 3.000000
4.270600 1.231540 0.000000 3.015930 3.000000
3.709350 0.694631 0.000000 0.437599 2.000000
3.562360 0.506711 0.000000 1.106660 3.000000
4.858570 1.500000 0.000000 1.619890 2.000000
5.500000 1.446310 0.000000 2.745220 3.000000
-0.500000 0.010067 0.000000 1.000000 2.000000
-0.005568 -0.097315 0.000000 1.337860 3.000000
1.624720 1.365770 0.000000 0.862899 2.000000
1.918710 1.500000 0.000000 1.974970 3.000000
2.894210 0.909396 0.000000 1.211990 2.000000
2.961020 0.936242 0.000000 1.817290 3.000000
3.989980 0.909396 0.000000 1.421920 2.000000
4.030070 0.748322 0.000000 1.721350 3.000000
1.504450 1.070470 0.000000 1.672860 3.000000
1.664810 0.681208 0.000000 0.649556 2.000000
4.831850 0.775168 0.000000 0.821755 2.000000
5.500000 0.506711 0.000000 1.644640 3.000000
3.001110 0.573825 0.000000 1.105060 2.000000
2.867480 0.506711 0.000000 1.614630 3.000000
2.506680 -0.500000 0.000000 0.000000 0.000000
