3.976610 1.406040 0.000000 2.503590 2.000000
3.629180 1.218120 0.000000 3.273260 3.000000
4.310690 1.218120 0.000000 2.779560 3.000000
5.005570 1.500000 0.000000 1.572770 2.000000
5.500000 1.446310 0.000000 2.385460 3.000000
3.722720 0.614094 0.000000 0.516043 2.000000
3.549000 0.506711 0.000000 1.027570 3.000000
3.508910 1.003360 0.000000 0.993648 2.000000
3.615810 0.936242 0.000000 1.262840 3.000000
-0.500000 0.010067 0.000000 1.000000 2.000000
-0.005568 -0.097315 0.000000 1.335640 3.000000
1.624720 1.365770 0.000000 0.987813 2.000000
1.865260 1.500000 0.000000 1.938080 3.000000
2.880850 0.909396 0.000000 1.053570 2.000000
2.974390 0.922819 0.000000 1.726010 3.000000
1.504450 1.083890 0.000000 1.683960 3.000000
4.898660 0.788591 0.000000 0.855895 2.000000
5.500000 0.506711 0.000000 1.598530 3.000000
1.664810 0.681208 0.000000 0.654680 2.000000
2.506680 -0.500000 0.000000 0.000000 0.000000
