3.682630 1.406040 0.000000 2.543220 2.000000
4.163700 1.231540 0.000000 3.133110 3.000000
3.415370 1.191280 0.000000 3.017790 3.000000
3.602450 1.003360 0.000000 0.668074 2.000000
3.508910 0.963087 0.000000 0.953366 3.000000
3.709350 0.667785 0.000000 0.435390 2.000000
3.549000 0.506711 0.000000 1.158150 3.000000
4.765030 1.500000 0.000000 1.653960 2.000000
5.500000 1.419460 0.000000 2.949880 3.000000
-0.500000 0.010067 0.000000 1.000000 2.000000
-0.005568 -0.097315 0.000000 1.338510 3.000000
1.624720 1.365770 0.000000 0.827681 2.000000
1.958800 1.500000 0.000000 1.954010 3.000000
2.894210 0.909396 0.000000 1.223460 2.000000
2.961020 0.936242 0.000000 1.820990 3.000000
3.963250 0.922819 0.000000 1.281800 2.000000
4.070160 0.721476 0.000000 1.737690 3.000000
1.504450 1.070470 0.000000 1.665380 3.000000
1.651450 0.667785 0.000000 0.656354 2.000000
3.014480 0.587248 0.000000 1.017690 2.000000
2.894210 0.506711 0.000000 1.661750 3.000000
4.778400 0.775168 0.000000 0.777050 2.000000
5.500000 0.506711 0.000000 1.596230 3.000000
2.506680 -0.500000 0.000000 0.000000 0.000000
