3.442090 1.312080 0.000000 2.208730 2.000000
4.350780 1.325500 0.000000 4.074040 3.000000
-0.500000 0.010067 0.000000 1.000000 2.000000
-0.005568 -0.097315 0.000000 1.336810 3.000000
2.867480 1.057050 0.000000 2.272600 2.000000
2.974390 1.083890 0.000000 2.945610 3.000000
2.640310 0.869128 0.000000 2.572940 3.000000
2.894210 0.949664 0.000000 1.359270 2.000000
2.961020 0.936242 0.000000 2.295100 3.000000
4.270600 0.775168 0.000000 1.672130 2.000000
4.524500 0.600671 0.000000 2.141980 3.000000
1.651450 1.338930 0.000000 0.815056 2.000000
1.504450 1.016780 0.000000 1.953030 3.000000
2.720490 0.667785 0.000000 1.038560 2.000000
2.880850 0.520134 0.000000 1.596100 3.000000
5.286190 0.694631 0.000000 0.699594 2.000000
5.500000 0.506711 0.000000 1.577940 3.000000
2.025610 1.500000 0.000000 1.531170 3.000000
1.678170 0.694631 0.000000 0.710599 2.000000
3.842980 0.640940 0.000000 0.738440 2.000000
3.669270 0.506711 0.000000 1.338440 3.000000
2.506680 -0.500000 0.000000 0.000000 0.000000
