3.121380 1.151010 0.000000 2.496150 2.000000
3.856350 1.258390 0.000000 3.338900 3.000000
2.974390 1.083890 0.000000 2.877350 3.000000
3.682630 1.057050 0.000000 0.937106 2.000000
3.776170 0.989933 0.000000 1.214790 3.000000
2.840760 1.057050 0.000000 2.266510 2.000000
2.640310 0.855705 0.000000 2.542760 3.000000
2.907570 0.963087 0.000000 1.310660 2.000000
2.961020 0.936242 0.000000 2.097590 3.000000
1.638080 1.379190 0.000000 0.998863 2.000000
1.504450 1.151010 0.000000 1.827580 3.000000
3.749440 0.627517 0.000000 0.565562 2.000000
3.549000 0.506711 0.000000 1.236570 3.000000
5.219380 1.500000 0.000000 1.495570 2.000000
5.500000 1.406040 0.000000 1.809970 3.000000
-0.500000 0.010067 0.000000 1.000000 2.000000
-0.005568 -0.097315 0.000000 1.334920 3.000000
1.838530 1.500000 0.000000 1.756960 3.000000
1.651450 0.667785 0.000000 0.655622 2.000000
4.724940 0.775168 0.000000 1.200840 2.000000
4.444320 0.708054 0.000000 1.663260 3.000000
5.059020 0.761745 0.000000 0.830397 2.000000
5.366370 0.506711 0.000000 1.562020 3.000000
3.081290 0.627517 0.000000 1.113940 2.000000
2.907570 0.560403 0.000000 1.431480 3.000000
2.506680 -0.500000 0.000000 0.000000 0.000000
