3.094650 1.151010 0.000000 2.531410 2.000000
2.974390 1.083890 0.000000 2.833210 3.000000
3.816260 1.244970 0.000000 3.299370 3.000000
3.736080 0.614094 0.000000 0.540379 2.000000
3.522270 0.506711 0.000000 1.196240 3.000000
2.854120 1.043620 0.000000 2.264330 2.000000
2.640310 0.855705 0.000000 2.550320 3.000000
3.655900 1.043620 0.000000 0.974846 2.000000
3.749440 0.976510 0.000000 1.247820 3.000000
-0.500000 0.010067 0.000000 1.000000 2.000000
-0.005568 -0.097315 0.000000 1.334560 3.000000
2.907570 0.963087 0.000000 1.279470 2.000000
2.961020 0.936242 0.000000 2.005720 3.000000
5.179290 1.500000 0.000000 1.509980 2.000000
5.500000 1.419460 0.000000 1.909880 3.000000
1.638080 1.379190 0.000000 1.019160 2.000000
1.851890 1.500000 0.000000 1.796300 3.000000
1.504450 1.151010 0.000000 1.781890 3.000000
1.651450 0.667785 0.000000 0.655198 2.000000
4.684860 0.788591 0.000000 1.268500 2.000000
4.444320 0.721476 0.000000 1.613790 3.000000
5.032290 0.761745 0.000000 0.840702 2.000000
5.339640 0.506711 0.000000 1.542020 3.000000
3.067930 0.614094 0.000000 1.152500 2.000000
2.907570 0.560403 0.000000 1.404020 3.000000
2.506680 -0.500000 0.000000 0.000000 0.000000
