3.589090 1.406040 0.000000 2.565090 2.000000
4.096880 1.231540 0.000000 3.165650 3.000000
3.695990 0.654362 0.000000 0.437149 2.000000
3.522270 0.506711 0.000000 1.180060 3.000000
4.711580 1.500000 0.000000 1.686420 2.000000
5.500000 1.379190 0.000000 3.130950 3.000000
-0.500000 0.010067 0.000000 1.000000 2.000000
-0.005568 -0.097315 0.000000 1.338560 3.000000
3.375280 1.177850 0.000000 2.933500 3.000000
1.611360 1.379190 0.000000 0.821869 2.000000
1.985520 1.500000 0.000000 1.927790 3.000000
2.894210 0.909396 0.000000 1.213230 2.000000
2.961020 0.936242 0.000000 1.785830 3.000000
3.936530 0.936242 0.000000 1.167870 2.000000
4.110240 0.708054 0.000000 1.686630 3.000000
1.504450 1.070470 0.000000 1.661360 3.000000
1.638080 0.681208 0.000000 0.661540 2.000000
3.027840 0.573825 0.000000 0.949780 2.000000
2.907570 0.506711 0.000000 1.649010 3.000000
4.751670 0.775168 0.000000 0.740213 2.000000
5.500000 0.506711 0.000000 1.526760 3.000000
2.506680 -0.500000 0.000000 0.000000 0.000000
