3.375280 1.177850 0.000000 2.287070 2.000000
4.150330 1.312080 0.000000 3.805540 3.000000
-0.500000 0.010067 0.000000 1.000000 2.000000
-0.005568 -0.097315 0.000000 1.338420 3.000000
2.974390 1.083890 0.000000 2.964830 3.000000
2.840760 1.057050 0.000000 2.214830 2.000000
2.640310 0.869128 0.000000 2.574600 3.000000
2.894210 0.949664 0.000000 1.458320 2.000000
2.961020 0.936242 0.000000 2.295250 3.000000
1.638080 1.379190 0.000000 0.864664 2.000000
1.504450 1.070470 0.000000 1.969660 3.000000
4.778400 0.748322 0.000000 1.202420 2.000000
4.497770 0.627517 0.000000 1.938270 3.000000
5.219380 0.708054 0.000000 0.740881 2.000000
5.500000 0.506711 0.000000 1.641430 3.000000
2.707130 0.681208 0.000000 0.911190 2.000000
2.907570 0.533557 0.000000 1.591730 3.000000
1.865260 1.500000 0.000000 1.520940 3.000000
1.664810 0.681208 0.000000 0.670690 2.000000
3.802900 0.654362 0.000000 0.704948 2.000000
3.629180 0.506711 0.000000 1.344050 3.000000
2.506680 -0.500000 0.000000 0.000000 0.000000
