3.722720 1.406040 0.000000 2.530010 2.000000
4.217150 1.231540 0.000000 3.095480 3.000000
3.402000 1.030200 0.000000 0.709376 2.000000
3.522270 0.949664 0.000000 1.022670 3.000000
3.455460 1.191280 0.000000 3.077380 3.000000
3.709350 0.667785 0.000000 0.437920 2.000000
3.562360 0.506711 0.000000 1.137910 3.000000
4.805120 1.500000 0.000000 1.637990 2.000000
5.500000 1.432890 0.000000 2.856720 3.000000
-0.500000 0.010067 0.000000 1.000000 2.000000
-0.005568 -0.097315 0.000000 1.338330 3.000000
1.624720 1.365770 0.000000 0.838450 2.000000
1.945430 1.500000 0.000000 1.965800 3.000000
2.894210 0.909396 0.000000 1.222810 2.000000
2.961020 0.936242 0.000000 1.827580 3.000000
3.976610 0.922819 0.000000 1.346320 2.000000
4.043430 0.734899 0.000000 1.742210 3.000000
1.504450 1.070470 0.000000 1.668410 3.000000
1.651450 0.667785 0.000000 0.651931 2.000000
3.001110 0.573825 0.000000 1.062800 2.000000
2.880850 0.506711 0.000000 1.648530 3.000000
4.805120 0.775168 0.000000 0.797288 2.000000
5.500000 0.506711 0.000000 1.624620 3.000000
2.506680 -0.500000 0.000000 0.000000 0.000000
