3.134740 1.137580 0.000000 2.461100 2.000000
3.909800 1.271810 0.000000 3.391070 3.000000
4.043430 0.828859 0.000000 0.906956 2.000000
3.896440 0.909396 0.000000 1.212040 3.000000
2.974390 1.083890 0.000000 2.920310 3.000000
2.840760 1.057050 0.000000 2.265170 2.000000
2.640310 0.855705 0.000000 2.538380 3.000000
2.907570 0.949664 0.000000 1.328630 2.000000
2.961020 0.936242 0.000000 2.144720 3.000000
1.638080 1.379190 0.000000 0.974454 2.000000
1.504450 1.137580 0.000000 1.872250 3.000000
3.749440 0.627517 0.000000 0.597752 2.000000
3.562360 0.506711 0.000000 1.271830 3.000000
-0.500000 0.010067 0.000000 1.000000 2.000000
-0.005568 -0.097315 0.000000 1.335430 3.000000
1.838530 1.500000 0.000000 1.710790 3.000000
1.651450 0.667785 0.000000 0.656747 2.000000
4.698220 0.775168 0.000000 1.169450 2.000000
4.444320 0.694631 0.000000 1.704670 3.000000
5.099110 0.748322 0.000000 0.816085 2.000000
5.393100 0.506711 0.000000 1.580680 3.000000
3.094650 0.614094 0.000000 1.076760 2.000000
2.907570 0.560403 0.000000 1.462770 3.000000
2.506680 -0.500000 0.000000 0.000000 0.000000
