3.081290 1.137580 0.000000 2.559910 2.000000
3.789530 1.244970 0.000000 3.288160 3.000000
2.974390 1.097320 0.000000 2.808890 3.000000
3.736080 0.614094 0.000000 0.521827 2.000000
3.508910 0.506711 0.000000 1.162940 3.000000
2.840760 1.057050 0.000000 2.259550 2.000000
2.640310 0.855705 0.000000 2.554010 3.000000
3.615810 1.043620 0.000000 0.984483 2.000000
3.722720 0.963087 0.000000 1.254740 3.000000
5.152560 1.500000 0.000000 1.520540 2.000000
5.500000 1.432890 0.000000 1.987230 3.000000
-0.500000 0.010067 0.000000 1.000000 2.000000
-0.005568 -0.097315 0.000000 1.334390 3.000000
2.907570 0.963087 0.000000 1.230030 2.000000
2.961020 0.936242 0.000000 1.905840 3.000000
1.638080 1.379190 0.000000 1.030270 2.000000
1.851890 1.500000 0.000000 1.822710 3.000000
1.504450 1.151010 0.000000 1.750660 3.000000
1.651450 0.667785 0.000000 0.655580 2.000000
4.644770 0.802013 0.000000 1.322800 2.000000
4.430960 0.734899 0.000000 1.574570 3.000000
5.005570 0.761745 0.000000 0.846348 2.000000
5.500000 0.506711 0.000000 1.533380 3.000000
2.506680 -0.500000 0.000000 0.000000 0.000000
