3.375280 1.298660 0.000000 2.249740 2.000000
4.243880 1.312080 0.000000 3.940220 3.000000
-0.500000 0.010067 0.000000 1.000000 2.000000
-0.005568 -0.097315 0.000000 1.337560 3.000000
2.974390 1.083890 0.000000 2.956180 3.000000
2.854120 1.070470 0.000000 2.228030 2.000000
2.640310 0.869128 0.000000 2.575370 3.000000
2.894210 0.949664 0.000000 1.433920 2.000000
2.961020 0.936242 0.000000 2.315080 3.000000
4.177060 1.030200 0.000000 1.289890 2.000000
4.511140 0.614094 0.000000 2.028790 3.000000
1.638080 1.379190 0.000000 0.838114 2.000000
1.504450 1.043620 0.000000 1.968000 3.000000
5.246100 0.694631 0.000000 0.721183 2.000000
5.500000 0.506711 0.000000 1.627820 3.000000
2.720490 0.694631 0.000000 0.981988 2.000000
2.894210 0.533557 0.000000 1.604490 3.000000
1.918710 1.500000 0.000000 1.499520 3.000000
1.664810 0.681208 0.000000 0.683510 2.000000
3.829620 0.654362 0.000000 0.724389 2.000000
3.642540 0.506711 0.000000 1.346840 3.000000
2.506680 -0.500000 0.000000 0.000000 0.000000
