4.671490 1.500000 0.000000 1.717650 2.000000
5.500000 1.379190 0.000000 3.275890 3.000000
3.188200 0.546980 0.000000 0.483859 2.000000
3.508910 0.506711 0.000000 1.185610 3.000000
3.415370 1.365770 0.000000 2.574540 2.000000
4.043430 1.231540 0.000000 3.171550 3.000000
-0.500000 0.010067 0.000000 1.000000 2.000000
-0.005568 -0.097315 0.000000 1.338380 3.000000
2.974390 1.110740 0.000000 2.913650 3.000000
1.611360 1.379190 0.000000 0.822745 2.000000
1.998890 1.500000 0.000000 1.901560 3.000000
2.894210 0.909396 0.000000 1.196620 2.000000
2.961020 0.936242 0.000000 1.743730 3.000000
1.504450 1.070470 0.000000 1.658970 3.000000
1.638080 0.681208 0.000000 0.664369 2.000000
3.909800 0.936242 0.000000 1.070450 2.000000
4.123610 0.708054 0.000000 1.607230 3.000000
4.724940 0.775168 0.000000 0.704186 2.000000
5.500000 0.506711 0.000000 1.455880 3.000000
3.054570 0.573825 0.000000 0.892532 2.000000
2.934300 0.506711 0.000000 1.603940 3.000000
2.506680 -0.500000 0.000000 0.000000 0.000000
