3.682630 1.500000 0.000000 2.068500 2.000000
4.644770 1.406040 0.000000 3.852530 3.000000
5.500000 0.708054 0.000000 0.644646 2.000000
5.500000 0.506711 0.000000 1.180810 3.000000
2.974390 1.083890 0.000000 2.977440 3.000000
3.923160 0.640940 0.000000 0.722170 2.000000
3.736080 0.506711 0.000000 1.226180 3.000000
-0.500000 0.010067 0.000000 1.000000 2.000000
-0.005568 -0.097315 0.000000 1.335410 3.000000
4.324050 0.721476 0.000000 1.669230 2.000000
4.537860 0.546980 0.000000 2.299720 3.000000
2.894210 0.895973 0.000000 1.149250 2.000000
2.974390 0.936242 0.000000 1.986180 3.000000
1.678170 0.694631 0.000000 0.811441 2.000000
1.504450 0.976510 0.000000 1.853320 3.000000
1.678170 1.312080 0.000000 0.807162 2.000000
1.985520 1.500000 0.000000 1.705440 3.000000
3.081290 0.573825 0.000000 1.081090 2.000000
2.974390 0.506711 0.000000 1.542970 3.000000
2.506680 -0.500000 0.000000 0.000000 0.000000
