3.428730 1.298660 0.000000 2.218010 2.000000
4.324050 1.325500 0.000000 4.054820 3.000000
-0.500000 0.010067 0.000000 1.000000 2.000000
-0.005568 -0.097315 0.000000 1.337170 3.000000
2.867480 1.057050 0.000000 2.263790 2.000000
2.974390 1.083890 0.000000 2.946310 3.000000
2.640310 0.869128 0.000000 2.573460 3.000000
2.894210 0.949664 0.000000 1.376420 2.000000
2.961020 0.936242 0.000000 2.303800 3.000000
4.243880 1.070470 0.000000 1.600040 2.000000
4.524500 0.600671 0.000000 2.119230 3.000000
1.651450 1.338930 0.000000 0.818483 2.000000
1.504450 1.030200 0.000000 1.957250 3.000000
2.720490 0.681208 0.000000 1.031990 2.000000
2.880850 0.520134 0.000000 1.600070 3.000000
5.272830 0.681208 0.000000 0.704440 2.000000
5.500000 0.506711 0.000000 1.592030 3.000000
2.025610 1.500000 0.000000 1.519670 3.000000
3.842980 0.640940 0.000000 0.735955 2.000000
3.669270 0.506711 0.000000 1.340700 3.000000
1.678170 0.694631 0.000000 0.704277 2.000000
2.506680 -0.500000 0.000000 0.000000 0.000000
