2.840760 1.057050 0.000000 2.262030 2.000000
3.749440 1.244970 0.000000 3.274820 3.000000
3.736080 0.614094 0.000000 0.511154 2.000000
3.508910 0.506711 0.000000 1.129180 3.000000
2.640310 0.855705 0.000000 2.559580 3.000000
5.125840 1.500000 0.000000 1.530820 2.000000
5.500000 1.432890 0.000000 2.066630 3.000000
3.602450 1.030200 0.000000 0.996760 2.000000
3.695990 0.949664 0.000000 1.258150 3.000000
-0.500000 0.010067 0.000000 1.000000 2.000000
-0.005568 -0.097315 0.000000 1.334440 3.000000
1.638080 1.379190 0.000000 1.037000 2.000000
1.851890 1.500000 0.000000 1.847220 3.000000
2.907570 0.963087 0.000000 1.155140 2.000000
2.961020 0.936242 0.000000 1.795920 3.000000
1.504450 1.137580 0.000000 1.724270 3.000000
1.651450 0.667785 0.000000 0.655906 2.000000
4.992200 0.775168 0.000000 0.851409 2.000000
5.500000 0.506711 0.000000 1.541900 3.000000
2.506680 -0.500000 0.000000 0.000000 0.000000
