4.684860 1.500000 0.000000 1.709400 2.000000
5.500000 1.379190 0.000000 3.241220 3.000000
3.174830 0.560403 0.000000 0.469830 2.000000
3.508910 0.506711 0.000000 1.185170 3.000000
3.482180 1.406040 0.000000 2.574420 2.000000
4.056790 1.231540 0.000000 3.170700 3.000000
-0.500000 0.010067 0.000000 1.000000 2.000000
-0.005568 -0.097315 0.000000 1.338190 3.000000
2.974390 1.110740 0.000000 2.908240 3.000000
1.611360 1.379190 0.000000 0.822261 2.000000
1.998890 1.500000 0.000000 1.908660 3.000000
2.894210 0.909396 0.000000 1.201580 2.000000
2.961020 0.936242 0.000000 1.755070 3.000000
1.504450 1.070470 0.000000 1.659410 3.000000
1.638080 0.681208 0.000000 0.663860 2.000000
3.923160 0.936242 0.000000 1.093740 2.000000
4.123610 0.708054 0.000000 1.629060 3.000000
3.041200 0.587248 0.000000 0.909996 2.000000
2.920940 0.506711 0.000000 1.617660 3.000000
4.738310 0.761745 0.000000 0.713551 2.000000
5.500000 0.506711 0.000000 1.474490 3.000000
2.506680 -0.500000 0.000000 0.000000 0.000000
