3.615810 1.406040 0.000000 2.560980 2.000000
4.110240 1.231540 0.000000 3.162590 3.000000
3.709350 0.667785 0.000000 0.438796 2.000000
3.535630 0.506711 0.000000 1.176560 3.000000
4.724940 1.500000 0.000000 1.679340 2.000000
5.500000 1.365770 0.000000 3.093330 3.000000
-0.500000 0.010067 0.000000 1.000000 2.000000
-0.005568 -0.097315 0.000000 1.338560 3.000000
3.388640 1.177850 0.000000 2.950520 3.000000
1.611360 1.379190 0.000000 0.822155 2.000000
1.985520 1.500000 0.000000 1.933380 3.000000
2.894210 0.909396 0.000000 1.216260 2.000000
2.961020 0.936242 0.000000 1.794820 3.000000
3.949890 0.922819 0.000000 1.189940 2.000000
4.096880 0.708054 0.000000 1.700400 3.000000
1.504450 1.070470 0.000000 1.662050 3.000000
1.638080 0.681208 0.000000 0.660494 2.000000
3.027840 0.573825 0.000000 0.961546 2.000000
2.907570 0.506711 0.000000 1.656690 3.000000
4.751670 0.775168 0.000000 0.747608 2.000000
5.500000 0.506711 0.000000 1.542570 3.000000
2.506680 -0.500000 0.000000 0.000000 0.000000
