3.081290 1.137580 0.000000 2.554040 2.000000
3.789530 1.244970 0.000000 3.292120 3.000000
2.974390 1.097320 0.000000 2.812510 3.000000
3.736080 0.614094 0.000000 0.527153 2.000000
3.522270 0.506711 0.000000 1.174380 3.000000
2.840760 1.057050 0.000000 2.260670 2.000000
2.640310 0.855705 0.000000 2.553060 3.000000
3.629180 1.043620 0.000000 0.981873 2.000000
3.736080 0.963087 0.000000 1.252870 3.000000
-0.500000 0.010067 0.000000 1.000000 2.000000
-0.005568 -0.097315 0.000000 1.334440 3.000000
5.152560 1.500000 0.000000 1.517210 2.000000
5.500000 1.419460 0.000000 1.960720 3.000000
2.907570 0.963087 0.000000 1.249530 2.000000
2.961020 0.936242 0.000000 1.941420 3.000000
1.638080 1.379190 0.000000 1.027020 2.000000
1.851890 1.500000 0.000000 1.814220 3.000000
1.504450 1.151010 0.000000 1.760640 3.000000
1.651450 0.667785 0.000000 0.655521 2.000000
4.671490 0.802013 0.000000 1.307320 2.000000
4.430960 0.734899 0.000000 1.590180 3.000000
5.018930 0.775168 0.000000 0.843868 2.000000
5.339640 0.506711 0.000000 1.532010 3.000000
2.506680 -0.500000 0.000000 0.000000 0.000000
