2.840760 1.057050 0.000000 2.269780 2.000000
3.736080 1.231540 0.000000 3.278680 3.000000
2.640310 0.855705 0.000000 2.563780 3.000000
3.736080 0.614094 0.000000 0.508124 2.000000
3.495550 0.506711 0.000000 1.106490 3.000000
3.575720 1.030200 0.000000 0.996632 2.000000
3.669270 0.949664 0.000000 1.265850 3.000000
5.112470 1.500000 0.000000 1.537910 2.000000
5.500000 1.432890 0.000000 2.119190 3.000000
-0.500000 0.010067 0.000000 1.000000 2.000000
-0.005568 -0.097315 0.000000 1.334500 3.000000
1.624720 1.365770 0.000000 1.037840 2.000000
1.851890 1.500000 0.000000 1.863120 3.000000
2.907570 0.963087 0.000000 1.096950 2.000000
2.961020 0.936242 0.000000 1.732030 3.000000
1.504450 1.137580 0.000000 1.710440 3.000000
1.651450 0.667785 0.000000 0.656139 2.000000
4.965480 0.775168 0.000000 0.852515 2.000000
5.500000 0.506711 0.000000 1.548710 3.000000
2.506680 -0.500000 0.000000 0.000000 0.000000
