3.589090 1.392620 0.000000 2.111800 2.000000
4.551220 1.379190 0.000000 4.037740 3.000000
2.974390 1.083890 0.000000 2.979730 3.000000
3.896440 0.640940 0.000000 0.735824 2.000000
3.709350 0.506711 0.000000 1.281240 3.000000
-0.500000 0.010067 0.000000 1.000000 2.000000
-0.005568 -0.097315 0.000000 1.335740 3.000000
4.310690 0.761745 0.000000 1.726080 2.000000
4.537860 0.573825 0.000000 2.289260 3.000000
5.500000 0.721476 0.000000 0.665199 2.000000
5.500000 0.506711 0.000000 1.360450 3.000000
2.894210 0.949664 0.000000 1.191970 2.000000
2.974390 0.936242 0.000000 2.105220 3.000000
2.720490 0.640940 0.000000 0.978266 2.000000
2.854120 0.506711 0.000000 1.500110 3.000000
1.678170 1.312080 0.000000 0.803899 2.000000
1.504450 0.989933 0.000000 1.896250 3.000000
2.012250 1.500000 0.000000 1.655760 3.000000
1.678170 0.694631 0.000000 0.783260 2.000000
2.506680 -0.500000 0.000000 0.000000 0.000000
