3.963250 1.406040 0.000000 2.502520 2.000000
3.615810 1.218120 0.000000 3.267810 3.000000
3.722720 0.627517 0.000000 0.518054 2.000000
3.549000 0.506711 0.000000 1.027980 3.000000
4.324050 1.231540 0.000000 2.786510 3.000000
3.508910 1.016780 0.000000 0.991143 2.000000
3.615810 0.936242 0.000000 1.256540 3.000000
-0.500000 0.010067 0.000000 1.000000 2.000000
-0.005568 -0.097315 0.000000 1.335850 3.000000
4.992200 1.500000 0.000000 1.576140 2.000000
5.500000 1.446310 0.000000 2.412910 3.000000
1.638080 1.352350 0.000000 0.979266 2.000000
1.865260 1.500000 0.000000 1.944080 3.000000
2.880850 0.909396 0.000000 1.074470 2.000000
2.974390 0.922819 0.000000 1.736950 3.000000
1.504450 1.083890 0.000000 1.683330 3.000000
1.664810 0.681208 0.000000 0.654195 2.000000
4.885300 0.802013 0.000000 0.854378 2.000000
5.500000 0.506711 0.000000 1.604890 3.000000
2.506680 -0.500000 0.000000 0.000000 0.000000
