3.108020 1.137580 0.000000 2.502560 2.000000
3.842980 1.258390 0.000000 3.328720 3.000000
3.669270 1.057050 0.000000 0.949064 2.000000
3.762810 0.989933 0.000000 1.227140 3.000000
2.974390 1.083890 0.000000 2.866450 3.000000
2.854120 1.043620 0.000000 2.266920 2.000000
2.640310 0.855705 0.000000 2.544770 3.000000
3.749440 0.627517 0.000000 0.559097 2.000000
3.535630 0.506711 0.000000 1.227240 3.000000
2.907570 0.963087 0.000000 1.305370 2.000000
2.961020 0.936242 0.000000 2.079400 3.000000
5.219380 1.500000 0.000000 1.499270 2.000000
5.500000 1.406040 0.000000 1.834200 3.000000
-0.500000 0.010067 0.000000 1.000000 2.000000
-0.005568 -0.097315 0.000000 1.334810 3.000000
1.638080 1.379190 0.000000 1.004410 2.000000
1.504450 1.151010 0.000000 1.815980 3.000000
1.838530 1.500000 0.000000 1.767390 3.000000
1.651450 0.667785 0.000000 0.655447 2.000000
4.711580 0.788591 0.000000 1.214800 2.000000
4.430960 0.721476 0.000000 1.653840 3.000000
5.059020 0.761745 0.000000 0.832622 2.000000
5.366370 0.506711 0.000000 1.556960 3.000000
3.081290 0.627517 0.000000 1.128500 2.000000
2.907570 0.560403 0.000000 1.424150 3.000000
2.506680 -0.500000 0.000000 0.000000 0.000000
