3.214920 1.164430 0.000000 2.425170 2.000000
3.976610 1.271810 0.000000 3.464690 3.000000
4.043430 0.842282 0.000000 0.943641 2.000000
3.883070 0.936242 0.000000 1.259400 3.000000
2.974390 1.083890 0.000000 2.952270 3.000000
2.840760 1.057050 0.000000 2.256350 2.000000
2.640310 0.855705 0.000000 2.540950 3.000000
3.762810 0.640940 0.000000 0.628245 2.000000
3.575720 0.506711 0.000000 1.299030 3.000000
2.907570 0.949664 0.000000 1.361190 2.000000
2.961020 0.936242 0.000000 2.173440 3.000000
1.638080 1.379190 0.000000 0.947991 2.000000
1.504450 1.124160 0.000000 1.911960 3.000000
-0.500000 0.010067 0.000000 1.000000 2.000000
-0.005568 -0.097315 0.000000 1.336030 3.000000
4.698220 0.761745 0.000000 1.176700 2.000000
4.444320 0.681208 0.000000 1.743740 3.000000
1.825170 1.500000 0.000000 1.659590 3.000000
1.651450 0.667785 0.000000 0.658423 2.000000
5.125840 0.734899 0.000000 0.800631 2.000000
5.419820 0.506711 0.000000 1.597350 3.000000
3.094650 0.614094 0.000000 0.999392 2.000000
2.907570 0.560403 0.000000 1.492420 3.000000
2.506680 -0.500000 0.000000 0.000000 0.000000
