2.840760 1.057050 0.000000 2.283070 2.000000
3.722720 1.231540 0.000000 3.278150 3.000000
3.736080 0.614094 0.000000 0.507565 2.000000
3.495550 0.506711 0.000000 1.084670 3.000000
2.626950 0.842282 0.000000 2.564840 3.000000
5.085750 1.500000 0.000000 1.544860 2.000000
5.500000 1.446310 0.000000 2.171430 3.000000
3.562360 1.030200 0.000000 1.004820 2.000000
3.655900 0.949664 0.000000 1.271690 3.000000
-0.500000 0.010067 0.000000 1.000000 2.000000
-0.005568 -0.097315 0.000000 1.334620 3.000000
1.624720 1.365770 0.000000 1.035120 2.000000
1.851890 1.500000 0.000000 1.878910 3.000000
1.504450 1.124160 0.000000 1.700030 3.000000
1.651450 0.667785 0.000000 0.656133 2.000000
2.907570 0.949664 0.000000 1.042950 2.000000
2.961020 0.936242 0.000000 1.685480 3.000000
4.952120 0.788591 0.000000 0.853729 2.000000
5.500000 0.506711 0.000000 1.556300 3.000000
2.506680 -0.500000 0.000000 0.000000 0.000000
