3.923160 1.406040 0.000000 2.501060 2.000000
4.310690 1.231540 0.000000 2.809350 3.000000
3.589090 1.218120 0.000000 3.252390 3.000000
3.695990 0.681208 0.000000 0.505507 2.000000
3.562360 0.506711 0.000000 1.034090 3.000000
3.495550 1.016780 0.000000 0.979635 2.000000
3.602450 0.936242 0.000000 1.242930 3.000000
-0.500000 0.010067 0.000000 1.000000 2.000000
-0.005568 -0.097315 0.000000 1.336160 3.000000
4.965480 1.500000 0.000000 1.582890 2.000000
5.500000 1.446310 0.000000 2.466260 3.000000
1.638080 1.352350 0.000000 0.960759 2.000000
1.878620 1.500000 0.000000 1.955380 3.000000
3.027840 0.627517 0.000000 1.204910 2.000000
2.974390 0.922819 0.000000 1.757340 3.000000
1.504450 1.070470 0.000000 1.681970 3.000000
1.664810 0.681208 0.000000 0.653414 2.000000
4.871940 0.788591 0.000000 0.853094 2.000000
5.500000 0.506711 0.000000 1.617390 3.000000
2.827390 0.506711 0.000000 1.478350 3.000000
2.880850 0.909396 0.000000 1.112970 2.000000
2.506680 -0.500000 0.000000 0.000000 0.000000
