3.789530 1.406040 0.000000 2.512300 2.000000
3.508910 1.191280 0.000000 3.159640 3.000000
3.709350 0.694631 0.000000 0.438740 2.000000
3.562360 0.506711 0.000000 1.097980 3.000000
4.283960 1.231540 0.000000 2.992290 3.000000
3.442090 1.030200 0.000000 0.846593 2.000000
3.549000 0.949664 0.000000 1.123940 3.000000
-0.500000 0.010067 0.000000 1.000000 2.000000
-0.005568 -0.097315 0.000000 1.337700 3.000000
4.858570 1.500000 0.000000 1.615880 2.000000
5.500000 1.446310 0.000000 2.716190 3.000000
1.638080 1.352350 0.000000 0.871033 2.000000
1.918710 1.500000 0.000000 1.976020 3.000000
2.894210 0.909396 0.000000 1.207420 2.000000
2.961020 0.936242 0.000000 1.811720 3.000000
3.989980 0.922819 0.000000 1.437520 2.000000
4.016700 0.761745 0.000000 1.707880 3.000000
1.504450 1.070470 0.000000 1.673990 3.000000
1.664810 0.681208 0.000000 0.649381 2.000000
4.831850 0.775168 0.000000 0.827318 2.000000
5.500000 0.506711 0.000000 1.646480 3.000000
2.987750 0.587248 0.000000 1.119520 2.000000
2.854120 0.506711 0.000000 1.604920 3.000000
2.506680 -0.500000 0.000000 0.000000 0.000000
