4.016700 1.406040 0.000000 2.506160 2.000000
3.655900 1.218120 0.000000 3.279310 3.000000
4.337420 1.218120 0.000000 2.762610 3.000000
3.736080 0.614094 0.000000 0.511923 2.000000
3.522270 0.506711 0.000000 1.032840 3.000000
3.522270 1.016780 0.000000 0.999601 2.000000
3.629180 0.936242 0.000000 1.270570 3.000000
-0.500000 0.010067 0.000000 1.000000 2.000000
-0.005568 -0.097315 0.000000 1.335320 3.000000
5.018930 1.500000 0.000000 1.565950 2.000000
5.500000 1.446310 0.000000 2.332780 3.000000
1.624720 1.365770 0.000000 1.004470 2.000000
1.865260 1.500000 0.000000 1.924530 3.000000
2.894210 0.922819 0.000000 1.013750 2.000000
2.974390 0.922819 0.000000 1.703980 3.000000
1.504450 1.083890 0.000000 1.685730 3.000000
1.664810 0.681208 0.000000 0.655299 2.000000
4.898660 0.788591 0.000000 0.854711 2.000000
5.500000 0.506711 0.000000 1.586250 3.000000
2.506680 -0.500000 0.000000 0.000000 0.000000
