3.709350 1.500000 0.000000 2.057940 2.000000
4.671490 1.406040 0.000000 3.792860 3.000000
5.500000 0.708054 0.000000 0.633797 2.000000
5.500000 0.506711 0.000000 1.116530 3.000000
3.923160 0.640940 0.000000 0.715405 2.000000
3.736080 0.506711 0.000000 1.205270 3.000000
2.987750 1.097320 0.000000 2.976930 3.000000
-0.500000 0.010067 0.000000 1.000000 2.000000
-0.005568 -0.097315 0.000000 1.335400 3.000000
4.310690 0.708054 0.000000 1.632410 2.000000
4.537860 0.546980 0.000000 2.285930 3.000000
2.894210 0.882550 0.000000 1.157330 2.000000
2.974390 0.936242 0.000000 1.952430 3.000000
1.664810 0.681208 0.000000 0.816557 2.000000
1.504450 0.976510 0.000000 1.837770 3.000000
1.678170 1.312080 0.000000 0.808198 2.000000
1.985520 1.500000 0.000000 1.716130 3.000000
3.081290 0.573825 0.000000 1.128940 2.000000
2.974390 0.506711 0.000000 1.608790 3.000000
2.506680 -0.500000 0.000000 0.000000 0.000000
