3.295100 1.164430 0.000000 2.384800 2.000000
2.974390 1.083890 0.000000 2.974070 3.000000
4.030070 1.285230 0.000000 3.565200 3.000000
3.762810 0.640940 0.000000 0.658839 2.000000
3.589090 0.506711 0.000000 1.319380 3.000000
2.840760 1.057050 0.000000 2.240100 2.000000
2.640310 0.869128 0.000000 2.552680 3.000000
-0.500000 0.010067 0.000000 1.000000 2.000000
-0.005568 -0.097315 0.000000 1.336540 3.000000
2.907570 0.949664 0.000000 1.401800 2.000000
2.961020 0.936242 0.000000 2.211130 3.000000
1.638080 1.379190 0.000000 0.920552 2.000000
1.504450 1.110740 0.000000 1.942220 3.000000
4.724940 0.748322 0.000000 1.191590 2.000000
4.444320 0.667785 0.000000 1.789620 3.000000
5.152560 0.721476 0.000000 0.781573 2.000000
5.459910 0.506711 0.000000 1.612500 3.000000
1.838530 1.500000 0.000000 1.607540 3.000000
1.651450 0.667785 0.000000 0.660725 2.000000
3.108020 0.600671 0.000000 0.930756 2.000000
2.907570 0.546980 0.000000 1.538430 3.000000
2.506680 -0.500000 0.000000 0.000000 0.000000
