3.655900 1.500000 0.000000 2.081570 2.000000
4.618040 1.392620 0.000000 3.918200 3.000000
2.974390 1.083890 0.000000 2.982400 3.000000
5.500000 0.708054 0.000000 0.651527 2.000000
5.500000 0.506711 0.000000 1.241910 3.000000
4.310690 0.734899 0.000000 1.697540 2.000000
4.537860 0.560403 0.000000 2.304230 3.000000
3.896440 0.640940 0.000000 0.728550 2.000000
3.722720 0.506711 0.000000 1.245830 3.000000
2.894210 0.949664 0.000000 1.146720 2.000000
2.974390 0.936242 0.000000 2.023600 3.000000
1.678170 1.312080 0.000000 0.805958 2.000000
1.504450 0.976510 0.000000 1.867980 3.000000
-0.500000 0.010067 0.000000 1.000000 2.000000
-0.005568 -0.097315 0.000000 1.335350 3.000000
1.998890 1.500000 0.000000 1.692040 3.000000
1.678170 0.694631 0.000000 0.805031 2.000000
3.094650 0.560403 0.000000 1.050570 2.000000
2.974390 0.506711 0.000000 1.479860 3.000000
2.506680 -0.500000 0.000000 0.000000 0.000000
