3.762810 1.406040 0.000000 2.518440 2.000000
3.482180 1.191280 0.000000 3.131470 3.000000
3.428730 1.030200 0.000000 0.795860 2.000000
3.535630 0.949664 0.000000 1.087410 3.000000
4.257240 1.231540 0.000000 3.038250 3.000000
3.695990 0.681208 0.000000 0.436613 2.000000
3.562360 0.506711 0.000000 1.115130 3.000000
-0.500000 0.010067 0.000000 1.000000 2.000000
-0.005568 -0.097315 0.000000 1.337930 3.000000
4.845210 1.500000 0.000000 1.624240 2.000000
5.500000 1.446310 0.000000 2.775140 3.000000
1.624720 1.365770 0.000000 0.855658 2.000000
1.932070 1.500000 0.000000 1.973350 3.000000
2.894210 0.909396 0.000000 1.215850 2.000000
2.961020 0.936242 0.000000 1.821820 3.000000
3.989980 0.909396 0.000000 1.403190 2.000000
4.030070 0.748322 0.000000 1.731490 3.000000
1.504450 1.070470 0.000000 1.671700 3.000000
3.001110 0.573825 0.000000 1.095690 2.000000
2.867480 0.506711 0.000000 1.625230 3.000000
4.831850 0.775168 0.000000 0.815380 2.000000
5.500000 0.506711 0.000000 1.641500 3.000000
1.664810 0.681208 0.000000 0.649909 2.000000
2.506680 -0.500000 0.000000 0.000000 0.000000
