3.695990 1.500000 0.000000 2.063350 2.000000
4.658130 1.406040 0.000000 3.824090 3.000000
5.500000 0.708054 0.000000 0.637979 2.000000
5.500000 0.506711 0.000000 1.146650 3.000000
3.923160 0.640940 0.000000 0.719036 2.000000
3.736080 0.506711 0.000000 1.216410 3.000000
-0.500000 0.010067 0.000000 1.000000 2.000000
-0.005568 -0.097315 0.000000 1.335120 3.000000
2.987750 1.097320 0.000000 2.976060 3.000000
3.081290 0.573825 0.000000 1.104800 2.000000
2.974390 0.506711 0.000000 1.575970 3.000000
1.678170 1.312080 0.000000 0.807691 2.000000
1.985520 1.500000 0.000000 1.711260 3.000000
1.664810 0.681208 0.000000 0.814342 2.000000
1.504450 0.976510 0.000000 1.845620 3.000000
2.894210 0.895973 0.000000 1.153280 2.000000
2.974390 0.936242 0.000000 1.969120 3.000000
4.310690 0.708054 0.000000 1.649020 2.000000
4.537860 0.546980 0.000000 2.293790 3.000000
2.506680 -0.500000 0.000000 0.000000 0.000000
