2.827390 1.043620 0.000000 2.302040 2.000000
3.682630 1.218120 0.000000 3.276320 3.000000
2.613590 0.828859 0.000000 2.554450 3.000000
3.736080 0.614094 0.000000 0.510495 2.000000
3.508910 0.506711 0.000000 1.046020 3.000000
3.549000 1.016780 0.000000 1.004660 2.000000
3.642540 0.936242 0.000000 1.273730 3.000000
-0.500000 0.010067 0.000000 1.000000 2.000000
-0.005568 -0.097315 0.000000 1.335050 3.000000
5.045660 1.500000 0.000000 1.558900 2.000000
5.500000 1.446310 0.000000 2.278970 3.000000
1.624720 1.365770 0.000000 1.018300 2.000000
1.851890 1.500000 0.000000 1.909620 3.000000
1.504450 1.097320 0.000000 1.688340 3.000000
1.664810 0.681208 0.000000 0.655520 2.000000
2.907570 0.936242 0.000000 1.007820 2.000000
2.974390 0.922819 0.000000 1.684700 3.000000
4.925390 0.788591 0.000000 0.855520 2.000000
5.500000 0.506711 0.000000 1.574980 3.000000
2.506680 -0.500000 0.000000 0.000000 0.000000
