3.335190 1.285230 0.000000 2.261480 2.000000
4.190420 1.312080 0.000000 3.876530 3.000000
2.974390 1.083890 0.000000 2.961940 3.000000
-0.500000 0.010067 0.000000 1.000000 2.000000
-0.005568 -0.097315 0.000000 1.337940 3.000000
2.840760 1.057050 0.000000 2.219340 2.000000
2.640310 0.869128 0.000000 2.575800 3.000000
2.894210 0.949664 0.000000 1.450760 2.000000
2.961020 0.936242 0.000000 2.307950 3.000000
4.123610 1.003360 0.000000 1.188770 2.000000
4.497770 0.627517 0.000000 1.985030 3.000000
1.638080 1.379190 0.000000 0.851071 2.000000
1.504450 1.057050 0.000000 1.970010 3.000000
5.232740 0.694631 0.000000 0.730818 2.000000
5.500000 0.506711 0.000000 1.637240 3.000000
2.720490 0.694631 0.000000 0.947510 2.000000
2.894210 0.533557 0.000000 1.602220 3.000000
1.891980 1.500000 0.000000 1.507080 3.000000
3.816260 0.640940 0.000000 0.715508 2.000000
3.642540 0.506711 0.000000 1.346290 3.000000
1.664810 0.681208 0.000000 0.676252 2.000000
2.506680 -0.500000 0.000000 0.000000 0.000000
