3.736080 1.406040 0.000000 2.525890 2.000000
3.468820 1.191280 0.000000 3.096850 3.000000
4.230510 1.231540 0.000000 3.078230 3.000000
4.818490 1.500000 0.000000 1.633240 2.000000
5.500000 1.432890 0.000000 2.823490 3.000000
3.415370 1.030200 0.000000 0.740935 2.000000
3.535630 0.949664 0.000000 1.045940 3.000000
3.722720 0.681208 0.000000 0.435793 2.000000
3.562360 0.506711 0.000000 1.130980 3.000000
-0.500000 0.010067 0.000000 1.000000 2.000000
-0.005568 -0.097315 0.000000 1.338200 3.000000
1.624720 1.365770 0.000000 0.843431 2.000000
1.932070 1.500000 0.000000 1.968390 3.000000
2.894210 0.909396 0.000000 1.221230 2.000000
2.961020 0.936242 0.000000 1.827030 3.000000
3.976610 0.922819 0.000000 1.365170 2.000000
4.043430 0.734899 0.000000 1.740690 3.000000
1.504450 1.070470 0.000000 1.669470 3.000000
3.001110 0.573825 0.000000 1.074420 2.000000
2.867480 0.506711 0.000000 1.641560 3.000000
4.805120 0.775168 0.000000 0.803620 2.000000
5.500000 0.506711 0.000000 1.631410 3.000000
1.651450 0.667785 0.000000 0.650809 2.000000
2.506680 -0.500000 0.000000 0.000000 0.000000
