147.987000 65.656601 0.000000 0.430295 2.000000
150.000000 82.828300 0.000000 0.568125 3.000000
141.945999 60.606098 0.000000 0.504979 3.000000
30.201300 60.606098 0.000000 0.117279 2.000000
37.248299 69.696999 0.000000 0.199741 3.000000
0.000000 46.464600 0.000000 0.185125 2.000000
26.174500 44.444401 0.000000 0.285898 3.000000
129.865997 41.414101 0.000000 0.350310 2.000000
120.805000 52.525299 0.000000 0.418216 3.000000
109.732002 43.434299 0.000000 0.203237 2.000000
81.543602 32.323200 0.000000 0.368214 3.000000
0.000000 29.292900 0.000000 0.356811 3.000000
81.543602 45.454498 0.000000 0.187342 2.000000
73.489899 65.656601 0.000000 0.295917 3.000000
50.335602 44.444401 0.000000 0.137627 2.000000
0.000000 0.000000 0.000000 0.000000 0.000000
