138.925995 75.757599 0.000000 0.409663 2.000000
148.992996 100.000000 0.000000 0.668172 3.000000
0.000000 46.464600 0.000000 0.153660 2.000000
5.033560 56.565701 0.000000 0.228603 3.000000
148.992996 63.636398 0.000000 0.514950 3.000000
102.684998 33.333302 0.000000 0.228324 2.000000
81.543602 32.323200 0.000000 0.446517 3.000000
2.013420 25.252501 0.000000 0.305452 3.000000
106.710999 90.909103 0.000000 0.219852 2.000000
109.732002 33.333302 0.000000 0.278591 3.000000
82.550301 43.434299 0.000000 0.130289 2.000000
41.275200 47.474701 0.000000 0.118180 2.000000
71.476501 61.616199 0.000000 0.285166 3.000000
0.000000 0.000000 0.000000 0.000000 0.000000
