147.987000 64.646500 0.000000 0.450492 2.000000
150.000000 77.777802 0.000000 0.556690 3.000000
33.221500 60.606098 0.000000 0.113871 2.000000
37.248299 69.696999 0.000000 0.197964 3.000000
141.945999 60.606098 0.000000 0.521977 3.000000
110.737999 43.434299 0.000000 0.187902 2.000000
81.543602 32.323200 0.000000 0.359616 3.000000
27.181200 30.302999 0.000000 0.190036 2.000000
27.181200 44.444401 0.000000 0.255555 3.000000
81.543602 45.454498 0.000000 0.182962 2.000000
74.496597 65.656601 0.000000 0.286926 3.000000
1.006710 28.282801 0.000000 0.335659 3.000000
49.328899 44.444401 0.000000 0.127519 2.000000
0.000000 0.000000 0.000000 0.000000 0.000000
