141.945999 81.818199 0.000000 0.417864 2.000000
148.992996 98.989899 0.000000 0.612289 3.000000
30.201300 60.606098 0.000000 0.137598 2.000000
39.261700 71.717201 0.000000 0.220410 3.000000
148.992996 70.707100 0.000000 0.504913 3.000000
81.543602 42.424198 0.000000 0.141834 2.000000
81.543602 32.323200 0.000000 0.291629 3.000000
24.161100 26.262600 0.000000 0.181164 2.000000
5.033560 59.596001 0.000000 0.265829 3.000000
113.758003 92.929298 0.000000 0.190852 2.000000
1.006710 26.262600 0.000000 0.290233 3.000000
76.510101 66.666702 0.000000 0.285376 3.000000
46.308701 43.434299 0.000000 0.112466 2.000000
0.000000 0.000000 0.000000 0.000000 0.000000
