150.000000 67.676804 0.000000 0.437684 2.000000
146.979996 55.555599 0.000000 0.615454 3.000000
65.436203 21.212099 0.000000 0.095514 2.000000
58.389301 20.202000 0.000000 0.158628 3.000000
150.000000 80.808098 0.000000 0.561783 3.000000
85.570503 41.414101 0.000000 0.184266 2.000000
92.617401 30.302999 0.000000 0.281296 3.000000
0.000000 46.464600 0.000000 0.240825 2.000000
0.000000 29.292900 0.000000 0.460159 3.000000
83.556999 85.858597 0.000000 0.340470 3.000000
104.697998 40.403999 0.000000 0.171825 2.000000
5.033560 57.575802 0.000000 0.361810 3.000000
45.301998 45.454498 0.000000 0.147524 2.000000
0.000000 0.000000 0.000000 0.000000 0.000000
