144.966003 83.838402 0.000000 0.440057 2.000000
148.992996 98.989899 0.000000 0.568585 3.000000
34.228199 61.616199 0.000000 0.104790 2.000000
38.255001 70.707100 0.000000 0.195479 3.000000
148.992996 72.727303 0.000000 0.506488 3.000000
111.745003 44.444401 0.000000 0.166266 2.000000
81.543602 32.323200 0.000000 0.344305 3.000000
25.167801 28.282801 0.000000 0.181616 2.000000
26.174500 43.434299 0.000000 0.252984 3.000000
2.013420 26.262600 0.000000 0.288824 3.000000
80.536903 44.444401 0.000000 0.158969 2.000000
74.496597 64.646500 0.000000 0.278282 3.000000
47.315399 45.454498 0.000000 0.138434 2.000000
0.000000 0.000000 0.000000 0.000000 0.000000
