150.000000 69.696999 0.000000 0.443960 2.000000
147.987000 55.555599 0.000000 0.637264 3.000000
85.570503 40.403999 0.000000 0.180969 2.000000
92.617401 30.302999 0.000000 0.255427 3.000000
150.000000 80.808098 0.000000 0.551929 3.000000
0.000000 46.464600 0.000000 0.229540 2.000000
0.000000 30.302999 0.000000 0.450165 3.000000
83.556999 85.858597 0.000000 0.369397 3.000000
5.033560 57.575802 0.000000 0.371358 3.000000
135.906006 100.000000 0.000000 0.160474 2.000000
47.315399 45.454498 0.000000 0.141137 2.000000
0.000000 0.000000 0.000000 0.000000 0.000000
