148.992996 87.878799 0.000000 0.461558 2.000000
148.992996 97.979797 0.000000 0.547940 3.000000
150.000000 76.767700 0.000000 0.535816 3.000000
63.422798 76.767700 0.000000 0.089834 2.000000
37.248299 69.696999 0.000000 0.201904 3.000000
146.979996 63.636398 0.000000 0.425483 2.000000
141.945999 59.596001 0.000000 0.495343 3.000000
111.745003 44.444401 0.000000 0.179988 2.000000
81.543602 32.323200 0.000000 0.350505 3.000000
25.167801 30.302999 0.000000 0.176278 2.000000
25.167801 45.454498 0.000000 0.257831 3.000000
1.006710 27.272699 0.000000 0.305859 3.000000
81.543602 44.444401 0.000000 0.177005 2.000000
74.496597 65.656601 0.000000 0.300983 3.000000
46.308701 44.444401 0.000000 0.122777 2.000000
0.000000 0.000000 0.000000 0.000000 0.000000
