139.932999 39.393902 0.000000 0.485901 2.000000
147.987000 56.565701 0.000000 0.661304 3.000000
103.691002 39.393902 0.000000 0.164073 2.000000
92.617401 30.302999 0.000000 0.240067 3.000000
150.000000 70.707100 0.000000 0.448774 2.000000
150.000000 81.818199 0.000000 0.539789 3.000000
139.932999 37.373699 0.000000 0.537066 3.000000
0.000000 46.464600 0.000000 0.219921 2.000000
0.000000 30.302999 0.000000 0.426555 3.000000
85.570503 39.393902 0.000000 0.162963 2.000000
84.563797 86.868698 0.000000 0.399258 3.000000
6.040270 58.585899 0.000000 0.406212 3.000000
50.335602 45.454498 0.000000 0.161570 2.000000
0.000000 0.000000 0.000000 0.000000 0.000000
