138.925995 75.757599 0.000000 0.412428 2.000000
148.992996 100.000000 0.000000 0.641871 3.000000
32.214802 62.626301 0.000000 0.089664 2.000000
39.261700 71.717201 0.000000 0.150684 3.000000
148.992996 64.646500 0.000000 0.540989 3.000000
25.167801 29.292900 0.000000 0.151667 2.000000
5.033560 58.585899 0.000000 0.222421 3.000000
82.550301 44.444401 0.000000 0.124582 2.000000
81.543602 32.323200 0.000000 0.383805 3.000000
104.697998 90.909103 0.000000 0.235408 2.000000
85.570503 84.848503 0.000000 0.300651 3.000000
2.013420 24.242399 0.000000 0.327423 3.000000
44.295300 48.484798 0.000000 0.107169 2.000000
0.000000 0.000000 0.000000 0.000000 0.000000
