105.705002 42.424198 0.000000 0.245509 2.000000
150.000000 63.636398 0.000000 0.839436 3.000000
82.550301 73.737396 0.000000 0.317199 2.000000
90.603996 88.888901 0.000000 0.447361 3.000000
22.147699 53.535400 0.000000 0.287959 2.000000
31.208099 45.454498 0.000000 0.345142 3.000000
79.530197 57.575802 0.000000 0.368437 3.000000
13.087200 58.585899 0.000000 0.389785 3.000000
83.556999 40.403999 0.000000 0.233057 2.000000
60.402699 39.393902 0.000000 0.181898 2.000000
88.590599 33.333302 0.000000 0.399864 3.000000
0.000000 0.000000 0.000000 0.000000 0.000000
