141.945999 48.484798 0.000000 0.661535 2.000000
150.000000 66.666702 0.000000 0.939652 3.000000
70.469803 22.222200 0.000000 0.060321 2.000000
58.389301 20.202000 0.000000 0.117864 3.000000
122.819000 66.666702 0.000000 0.784255 3.000000
139.932999 39.393902 0.000000 0.272913 2.000000
140.940002 37.373699 0.000000 0.352072 3.000000
87.583900 40.403999 0.000000 0.231351 2.000000
92.617401 30.302999 0.000000 0.385859 3.000000
110.737999 88.888901 0.000000 0.248336 2.000000
82.550301 63.636398 0.000000 0.429276 3.000000
64.429497 34.343399 0.000000 0.207060 2.000000
24.161100 25.252501 0.000000 0.419824 3.000000
0.000000 0.000000 0.000000 0.000000 0.000000
