139.932999 39.393902 0.000000 0.506554 2.000000
150.000000 64.646500 0.000000 0.866109 3.000000
22.147699 53.535400 0.000000 0.268520 2.000000
32.214802 45.454498 0.000000 0.333166 3.000000
139.932999 37.373699 0.000000 0.567378 3.000000
82.550301 74.747498 0.000000 0.316758 2.000000
98.657700 93.939400 0.000000 0.436198 3.000000
79.530197 57.575802 0.000000 0.391749 3.000000
106.710999 41.414101 0.000000 0.218032 2.000000
88.590599 33.333302 0.000000 0.365721 3.000000
84.563797 40.403999 0.000000 0.217784 2.000000
13.087200 58.585899 0.000000 0.376128 3.000000
49.328899 37.373699 0.000000 0.180163 2.000000
0.000000 0.000000 0.000000 0.000000 0.000000
