143.960007 50.505100 0.000000 0.658100 2.000000
150.000000 67.676804 0.000000 0.880305 3.000000
122.819000 65.656601 0.000000 0.797218 3.000000
68.456398 22.222200 0.000000 0.047095 2.000000
58.389301 20.202000 0.000000 0.097153 3.000000
60.402699 78.787903 0.000000 0.174812 2.000000
65.436203 81.818199 0.000000 0.232222 3.000000
85.570503 38.383801 0.000000 0.261818 2.000000
92.617401 30.302999 0.000000 0.391839 3.000000
3.020130 44.444401 0.000000 0.402782 2.000000
14.094000 57.575802 0.000000 0.548359 3.000000
81.543602 61.616199 0.000000 0.449533 3.000000
7.046980 29.292900 0.000000 0.455976 3.000000
105.705002 86.868698 0.000000 0.221896 2.000000
67.449699 32.323200 0.000000 0.182962 2.000000
0.000000 0.000000 0.000000 0.000000 0.000000
