133.893005 49.494900 0.000000 0.635071 2.000000
150.000000 67.676804 0.000000 0.958981 3.000000
78.523499 28.282801 0.000000 0.093425 2.000000
58.389301 20.202000 0.000000 0.151473 3.000000
122.819000 66.666702 0.000000 0.768715 3.000000
88.590599 39.393902 0.000000 0.261771 2.000000
92.617401 30.302999 0.000000 0.386019 3.000000
60.402699 34.343399 0.000000 0.194820 2.000000
19.127501 60.606098 0.000000 0.489333 3.000000
82.550301 62.626301 0.000000 0.448539 3.000000
140.940002 39.393902 0.000000 0.335573 2.000000
140.940002 37.373699 0.000000 0.454511 3.000000
111.745003 88.888901 0.000000 0.258994 2.000000
0.000000 0.000000 0.000000 0.000000 0.000000
