142.953003 51.515202 0.000000 0.652825 2.000000
150.000000 68.686897 0.000000 0.847701 3.000000
73.489899 49.494900 0.000000 0.294094 2.000000
68.456398 48.484798 0.000000 0.346970 3.000000
123.825996 63.636398 0.000000 0.797814 3.000000
102.684998 33.333302 0.000000 0.311748 2.000000
109.732002 34.343399 0.000000 0.374772 3.000000
3.020130 44.444401 0.000000 0.418407 2.000000
17.114100 58.585899 0.000000 0.567322 3.000000
82.550301 61.616199 0.000000 0.406280 3.000000
106.710999 86.868698 0.000000 0.224089 2.000000
7.046980 30.302999 0.000000 0.468908 3.000000
48.322102 67.676804 0.000000 0.205713 2.000000
85.570503 40.403999 0.000000 0.245033 2.000000
92.617401 30.302999 0.000000 0.412085 3.000000
69.463097 84.848503 0.000000 0.408913 3.000000
54.362400 40.403999 0.000000 0.162929 2.000000
0.000000 0.000000 0.000000 0.000000 0.000000
