147.987000 65.656601 0.000000 0.439434 2.000000
150.000000 80.808098 0.000000 0.558273 3.000000
141.945999 60.606098 0.000000 0.508862 3.000000
32.214802 60.606098 0.000000 0.122859 2.000000
37.248299 69.696999 0.000000 0.197401 3.000000
125.838997 63.636398 0.000000 0.355324 2.000000
120.805000 53.535400 0.000000 0.412821 3.000000
109.732002 43.434299 0.000000 0.197922 2.000000
81.543602 32.323200 0.000000 0.362428 3.000000
27.181200 29.292900 0.000000 0.194952 2.000000
27.181200 44.444401 0.000000 0.273576 3.000000
0.000000 29.292900 0.000000 0.348699 3.000000
82.550301 45.454498 0.000000 0.186517 2.000000
73.489899 64.646500 0.000000 0.291245 3.000000
49.328899 44.444401 0.000000 0.135253 2.000000
0.000000 0.000000 0.000000 0.000000 0.000000
