138.925995 74.747498 0.000000 0.416431 2.000000
148.992996 100.000000 0.000000 0.656764 3.000000
0.000000 47.474701 0.000000 0.154206 2.000000
5.033560 57.575802 0.000000 0.222657 3.000000
148.992996 63.636398 0.000000 0.527297 3.000000
103.691002 33.333302 0.000000 0.201475 2.000000
81.543602 32.323200 0.000000 0.409182 3.000000
1.006710 26.262600 0.000000 0.317150 3.000000
103.691002 90.909103 0.000000 0.243094 2.000000
62.416100 21.212099 0.000000 0.179767 2.000000
58.389301 20.202000 0.000000 0.233025 3.000000
109.732002 33.333302 0.000000 0.251224 3.000000
45.301998 23.232300 0.000000 0.119095 2.000000
82.550301 43.434299 0.000000 0.138706 2.000000
73.489899 63.636398 0.000000 0.300668 3.000000
0.000000 0.000000 0.000000 0.000000 0.000000
