139.932999 52.525299 0.000000 0.657823 2.000000
125.838997 61.616199 0.000000 0.781012 3.000000
150.000000 67.676804 0.000000 0.780496 3.000000
78.523499 28.282801 0.000000 0.073510 2.000000
73.489899 24.242399 0.000000 0.128504 3.000000
75.503403 84.848503 0.000000 0.095630 2.000000
69.463097 84.848503 0.000000 0.154661 3.000000
39.261700 37.373699 0.000000 0.333133 2.000000
44.295300 49.494900 0.000000 0.388305 3.000000
150.000000 82.828300 0.000000 0.644092 2.000000
147.987000 85.858597 0.000000 0.723406 3.000000
75.503403 50.505100 0.000000 0.351157 2.000000
70.469803 48.484798 0.000000 0.419701 3.000000
22.147699 60.606098 0.000000 0.630658 3.000000
106.710999 52.525299 0.000000 0.169107 2.000000
85.570503 71.717201 0.000000 0.423131 3.000000
81.543602 37.373699 0.000000 0.318487 2.000000
103.691002 34.343399 0.000000 0.332294 2.000000
109.732002 34.343399 0.000000 0.427219 3.000000
92.617401 30.302999 0.000000 0.442819 3.000000
67.449699 37.373699 0.000000 0.151249 2.000000
0.000000 0.000000 0.000000 0.000000 0.000000
