141.945999 80.808098 0.000000 0.403098 2.000000
148.992996 98.989899 0.000000 0.625321 3.000000
148.992996 68.686897 0.000000 0.508446 3.000000
23.154400 25.252501 0.000000 0.185261 2.000000
1.006710 26.262600 0.000000 0.292722 3.000000
33.221500 61.616199 0.000000 0.133398 2.000000
39.261700 71.717201 0.000000 0.207696 3.000000
5.033560 59.596001 0.000000 0.278527 3.000000
107.718002 43.434299 0.000000 0.121894 2.000000
81.543602 32.323200 0.000000 0.290478 3.000000
110.737999 90.909103 0.000000 0.207069 2.000000
76.510101 66.666702 0.000000 0.282137 3.000000
47.315399 45.454498 0.000000 0.117938 2.000000
0.000000 0.000000 0.000000 0.000000 0.000000
