137.919006 72.727303 0.000000 0.403268 2.000000
148.992996 100.000000 0.000000 0.676798 3.000000
0.000000 44.444401 0.000000 0.144534 2.000000
5.033560 57.575802 0.000000 0.233158 3.000000
148.992996 62.626301 0.000000 0.499039 3.000000
102.684998 34.343399 0.000000 0.286196 2.000000
81.543602 32.323200 0.000000 0.464688 3.000000
109.732002 34.343399 0.000000 0.347014 3.000000
81.543602 45.454498 0.000000 0.133598 2.000000
107.718002 89.899002 0.000000 0.180527 2.000000
3.020130 24.242399 0.000000 0.264127 3.000000
73.489899 61.616199 0.000000 0.269776 3.000000
47.315399 24.242399 0.000000 0.127080 2.000000
0.000000 0.000000 0.000000 0.000000 0.000000
