143.960007 47.474701 0.000000 0.541931 2.000000
147.987000 57.575802 0.000000 0.672652 3.000000
102.684998 38.383801 0.000000 0.164671 2.000000
92.617401 30.302999 0.000000 0.232035 3.000000
137.919006 43.434299 0.000000 0.591396 3.000000
150.000000 72.727303 0.000000 0.448220 2.000000
150.000000 81.818199 0.000000 0.520311 3.000000
0.000000 46.464600 0.000000 0.232165 2.000000
6.040270 58.585899 0.000000 0.394600 3.000000
0.000000 32.323200 0.000000 0.413260 3.000000
47.315399 46.464600 0.000000 0.181267 2.000000
84.563797 86.868698 0.000000 0.411295 3.000000
86.577202 39.393902 0.000000 0.157585 2.000000
0.000000 0.000000 0.000000 0.000000 0.000000
