137.919006 71.717201 0.000000 0.404952 2.000000
148.992996 100.000000 0.000000 0.684874 3.000000
60.402699 77.777802 0.000000 0.105376 2.000000
39.261700 71.717201 0.000000 0.154437 3.000000
148.992996 62.626301 0.000000 0.494309 3.000000
27.181200 29.292900 0.000000 0.129098 2.000000
23.154400 43.434299 0.000000 0.215272 3.000000
102.684998 34.343399 0.000000 0.289677 2.000000
81.543602 32.323200 0.000000 0.465256 3.000000
108.724998 88.888901 0.000000 0.184123 2.000000
109.732002 34.343399 0.000000 0.360070 3.000000
124.832001 43.434299 0.000000 0.143499 2.000000
72.483200 60.606098 0.000000 0.266871 3.000000
3.020130 25.252501 0.000000 0.256588 3.000000
45.301998 24.242399 0.000000 0.112735 2.000000
0.000000 0.000000 0.000000 0.000000 0.000000
