148.992996 67.676804 0.000000 0.429253 2.000000
150.000000 79.797997 0.000000 0.570465 3.000000
30.201300 59.596001 0.000000 0.116496 2.000000
37.248299 69.696999 0.000000 0.184956 3.000000
144.966003 55.555599 0.000000 0.551409 3.000000
0.000000 45.454498 0.000000 0.183077 2.000000
1.006710 27.272699 0.000000 0.381395 3.000000
4.026850 56.565701 0.000000 0.279600 3.000000
107.718002 43.434299 0.000000 0.194597 2.000000
82.550301 45.454498 0.000000 0.205759 2.000000
81.543602 32.323200 0.000000 0.368963 3.000000
73.489899 64.646500 0.000000 0.298016 3.000000
49.328899 43.434299 0.000000 0.127468 2.000000
0.000000 0.000000 0.000000 0.000000 0.000000
