130.871994 50.505100 0.000000 0.615988 2.000000
150.000000 66.666702 0.000000 0.956288 3.000000
86.577202 40.403999 0.000000 0.255033 2.000000
92.617401 30.302999 0.000000 0.375865 3.000000
121.811996 68.686897 0.000000 0.756770 3.000000
140.940002 39.393902 0.000000 0.380806 2.000000
139.932999 37.373699 0.000000 0.480374 3.000000
26.174500 52.525299 0.000000 0.309589 2.000000
16.107401 59.596001 0.000000 0.480254 3.000000
36.241600 45.454498 0.000000 0.381223 3.000000
81.543602 60.606098 0.000000 0.423031 3.000000
58.389301 33.333302 0.000000 0.214255 2.000000
115.772003 88.888901 0.000000 0.250622 2.000000
0.000000 0.000000 0.000000 0.000000 0.000000
