148.992996 81.818199 0.000000 0.598970 2.000000
146.979996 89.899002 0.000000 0.759699 3.000000
75.503403 85.858597 0.000000 0.073089 2.000000
69.463097 84.848503 0.000000 0.143861 3.000000
142.953003 53.535400 0.000000 0.677732 2.000000
148.992996 59.596001 0.000000 0.742267 3.000000
129.865997 56.565701 0.000000 0.736496 3.000000
43.288601 37.373699 0.000000 0.343153 2.000000
23.154400 61.616199 0.000000 0.622152 3.000000
86.577202 35.353500 0.000000 0.313525 2.000000
92.617401 30.302999 0.000000 0.391773 3.000000
47.315399 50.505100 0.000000 0.415703 3.000000
107.718002 86.868698 0.000000 0.283082 2.000000
103.691002 33.333302 0.000000 0.311372 2.000000
110.737999 34.343399 0.000000 0.457157 3.000000
78.523499 53.535400 0.000000 0.380761 2.000000
84.563797 68.686897 0.000000 0.459462 3.000000
72.483200 49.494900 0.000000 0.474742 3.000000
59.396000 36.363602 0.000000 0.147448 2.000000
0.000000 0.000000 0.000000 0.000000 0.000000
