147.987000 66.666702 0.000000 0.427847 2.000000
142.953003 59.596001 0.000000 0.524394 3.000000
150.000000 80.808098 0.000000 0.570613 3.000000
30.201300 60.606098 0.000000 0.117752 2.000000
37.248299 69.696999 0.000000 0.197404 3.000000
0.000000 46.464600 0.000000 0.185204 2.000000
26.174500 44.444401 0.000000 0.278643 3.000000
108.724998 43.434299 0.000000 0.198533 2.000000
81.543602 32.323200 0.000000 0.376235 3.000000
82.550301 46.464600 0.000000 0.192617 2.000000
86.577202 84.848503 0.000000 0.298992 3.000000
1.006710 27.272699 0.000000 0.363029 3.000000
49.328899 43.434299 0.000000 0.142129 2.000000
0.000000 0.000000 0.000000 0.000000 0.000000
