142.953003 49.494900 0.000000 0.652711 2.000000
150.000000 67.676804 0.000000 0.952361 3.000000
122.819000 64.646500 0.000000 0.783940 3.000000
70.469803 22.222200 0.000000 0.074731 2.000000
58.389301 20.202000 0.000000 0.137320 3.000000
5.033560 58.585899 0.000000 0.150580 2.000000
2.013420 60.606098 0.000000 0.211835 3.000000
62.416100 77.777802 0.000000 0.158293 2.000000
69.463097 84.848503 0.000000 0.220189 3.000000
86.577202 41.414101 0.000000 0.253728 2.000000
92.617401 30.302999 0.000000 0.385426 3.000000
62.416100 34.343399 0.000000 0.195993 2.000000
9.060400 28.282801 0.000000 0.412893 3.000000
111.745003 88.888901 0.000000 0.256527 2.000000
82.550301 63.636398 0.000000 0.424007 3.000000
139.932999 39.393902 0.000000 0.313520 2.000000
140.940002 37.373699 0.000000 0.420915 3.000000
0.000000 0.000000 0.000000 0.000000 0.000000
