141.945999 51.515202 0.000000 0.672766 2.000000
150.000000 67.676804 0.000000 0.801784 3.000000
81.543602 84.848503 0.000000 0.158066 2.000000
69.463097 84.848503 0.000000 0.326838 3.000000
124.832001 64.646500 0.000000 0.794874 3.000000
74.496597 50.505100 0.000000 0.325176 2.000000
69.463097 49.494900 0.000000 0.389478 3.000000
4.026850 45.454498 0.000000 0.399097 2.000000
17.114100 58.585899 0.000000 0.607980 3.000000
103.691002 33.333302 0.000000 0.335954 2.000000
109.732002 34.343399 0.000000 0.398385 3.000000
82.550301 62.626301 0.000000 0.419693 3.000000
105.705002 87.878799 0.000000 0.178633 2.000000
5.033560 33.333302 0.000000 0.474417 3.000000
70.469803 31.313101 0.000000 0.148599 2.000000
83.556999 40.403999 0.000000 0.283033 2.000000
92.617401 30.302999 0.000000 0.440079 3.000000
0.000000 0.000000 0.000000 0.000000 0.000000
