150.000000 65.656601 0.000000 0.427759 2.000000
150.000000 79.797997 0.000000 0.567262 3.000000
31.208099 60.606098 0.000000 0.129204 2.000000
37.248299 69.696999 0.000000 0.179501 3.000000
145.973007 54.545502 0.000000 0.554789 3.000000
25.167801 32.323200 0.000000 0.192133 2.000000
1.006710 27.272699 0.000000 0.400588 3.000000
5.033560 57.575802 0.000000 0.296139 3.000000
106.710999 42.424198 0.000000 0.190652 2.000000
81.543602 44.444401 0.000000 0.205532 2.000000
81.543602 32.323200 0.000000 0.337793 3.000000
46.308701 23.232300 0.000000 0.130776 2.000000
84.563797 84.848503 0.000000 0.301044 3.000000
0.000000 0.000000 0.000000 0.000000 0.000000
