139.932999 76.767700 0.000000 0.414006 2.000000
148.992996 98.989899 0.000000 0.630087 3.000000
33.221500 62.626301 0.000000 0.107262 2.000000
39.261700 71.717201 0.000000 0.166805 3.000000
148.992996 64.646500 0.000000 0.540845 3.000000
25.167801 28.282801 0.000000 0.163426 2.000000
5.033560 58.585899 0.000000 0.223160 3.000000
111.745003 46.464600 0.000000 0.121671 2.000000
81.543602 32.323200 0.000000 0.359680 3.000000
105.705002 89.899002 0.000000 0.241491 2.000000
1.006710 26.262600 0.000000 0.332478 3.000000
85.570503 84.848503 0.000000 0.291394 3.000000
46.308701 48.484798 0.000000 0.123702 2.000000
0.000000 0.000000 0.000000 0.000000 0.000000
