142.953003 81.818199 0.000000 0.428035 2.000000
148.992996 98.989899 0.000000 0.591736 3.000000
146.979996 62.626301 0.000000 0.439259 2.000000
148.992996 70.707100 0.000000 0.506147 3.000000
29.194599 61.616199 0.000000 0.137074 2.000000
38.255001 70.707100 0.000000 0.205066 3.000000
142.953003 59.596001 0.000000 0.490097 3.000000
110.737999 42.424198 0.000000 0.152304 2.000000
81.543602 32.323200 0.000000 0.307170 3.000000
24.161100 26.262600 0.000000 0.181051 2.000000
4.026850 59.596001 0.000000 0.273030 3.000000
113.758003 93.939400 0.000000 0.175615 2.000000
77.516800 67.676804 0.000000 0.294468 3.000000
1.006710 26.262600 0.000000 0.291284 3.000000
45.301998 46.464600 0.000000 0.117295 2.000000
0.000000 0.000000 0.000000 0.000000 0.000000
