145.973007 85.858597 0.000000 0.440509 2.000000
148.992996 97.979797 0.000000 0.557138 3.000000
150.000000 76.767700 0.000000 0.506940 3.000000
61.409401 74.747498 0.000000 0.101523 2.000000
38.255001 70.707100 0.000000 0.195313 3.000000
147.987000 63.636398 0.000000 0.436070 2.000000
141.945999 60.606098 0.000000 0.491478 3.000000
111.745003 43.434299 0.000000 0.173157 2.000000
81.543602 32.323200 0.000000 0.347141 3.000000
26.174500 29.292900 0.000000 0.176290 2.000000
26.174500 44.444401 0.000000 0.264908 3.000000
81.543602 44.444401 0.000000 0.169560 2.000000
73.489899 63.636398 0.000000 0.295034 3.000000
2.013420 26.262600 0.000000 0.293478 3.000000
46.308701 45.454498 0.000000 0.142056 2.000000
0.000000 0.000000 0.000000 0.000000 0.000000
