143.960007 82.828300 0.000000 0.423888 2.000000
148.992996 98.989899 0.000000 0.579570 3.000000
146.979996 62.626301 0.000000 0.443599 2.000000
148.992996 71.717201 0.000000 0.505193 3.000000
34.228199 60.606098 0.000000 0.106975 2.000000
38.255001 70.707100 0.000000 0.213297 3.000000
142.953003 59.596001 0.000000 0.493062 3.000000
81.543602 44.444401 0.000000 0.161071 2.000000
81.543602 32.323200 0.000000 0.329956 3.000000
25.167801 28.282801 0.000000 0.177245 2.000000
4.026850 60.606098 0.000000 0.243380 3.000000
111.745003 43.434299 0.000000 0.159879 2.000000
2.013420 26.262600 0.000000 0.293320 3.000000
76.510101 66.666702 0.000000 0.284854 3.000000
47.315399 45.454498 0.000000 0.119119 2.000000
0.000000 0.000000 0.000000 0.000000 0.000000
