137.919006 73.737396 0.000000 0.404590 2.000000
148.992996 100.000000 0.000000 0.672383 3.000000
148.992996 62.626301 0.000000 0.502142 3.000000
0.000000 45.454498 0.000000 0.149977 2.000000
5.033560 56.565701 0.000000 0.234442 3.000000
102.684998 34.343399 0.000000 0.261373 2.000000
81.543602 32.323200 0.000000 0.472430 3.000000
107.718002 89.899002 0.000000 0.195736 2.000000
109.732002 33.333302 0.000000 0.310811 3.000000
81.543602 44.444401 0.000000 0.118207 2.000000
73.489899 62.626301 0.000000 0.271376 3.000000
2.013420 25.252501 0.000000 0.280142 3.000000
42.281898 47.474701 0.000000 0.118093 2.000000
0.000000 0.000000 0.000000 0.000000 0.000000
