140.940002 80.808098 0.000000 0.403896 2.000000
148.992996 98.989899 0.000000 0.627760 3.000000
32.214802 61.616199 0.000000 0.116998 2.000000
39.261700 71.717201 0.000000 0.199361 3.000000
148.992996 68.686897 0.000000 0.530125 3.000000
24.161100 27.272699 0.000000 0.175855 2.000000
1.006710 26.262600 0.000000 0.301008 3.000000
5.033560 59.596001 0.000000 0.271449 3.000000
110.737999 91.919197 0.000000 0.212115 2.000000
77.516800 67.676804 0.000000 0.292902 3.000000
46.308701 46.464600 0.000000 0.120577 2.000000
82.550301 42.424198 0.000000 0.124319 2.000000
81.543602 32.323200 0.000000 0.293511 3.000000
0.000000 0.000000 0.000000 0.000000 0.000000
