84.563797 40.403999 0.000000 0.222351 2.000000
89.597298 33.333302 0.000000 0.348168 3.000000
125.838997 52.525299 0.000000 0.581500 2.000000
150.000000 65.656601 0.000000 0.904620 3.000000
119.799004 64.646500 0.000000 0.649267 3.000000
26.174500 27.272699 0.000000 0.287541 2.000000
9.060400 56.565701 0.000000 0.366125 3.000000
139.932999 39.393902 0.000000 0.476132 2.000000
139.932999 37.373699 0.000000 0.563004 3.000000
84.563797 76.767700 0.000000 0.329576 2.000000
98.657700 93.939400 0.000000 0.426992 3.000000
33.221500 44.444401 0.000000 0.366675 3.000000
80.536903 59.596001 0.000000 0.397924 3.000000
52.348999 36.363602 0.000000 0.200451 2.000000
108.724998 40.403999 0.000000 0.215199 2.000000
0.000000 0.000000 0.000000 0.000000 0.000000
