148.992996 66.666702 0.000000 0.679835 2.000000
148.992996 91.919197 0.000000 0.957087 3.000000
74.496597 85.858597 0.000000 0.075589 2.000000
70.469803 85.858597 0.000000 0.132249 3.000000
148.992996 60.606098 0.000000 0.760371 3.000000
102.684998 32.323200 0.000000 0.288711 2.000000
92.617401 30.302999 0.000000 0.351388 3.000000
43.288601 35.353500 0.000000 0.340382 2.000000
23.154400 61.616199 0.000000 0.579725 3.000000
110.737999 34.343399 0.000000 0.431466 3.000000
107.718002 83.838402 0.000000 0.217269 2.000000
87.583900 36.363602 0.000000 0.251084 2.000000
48.322102 47.474701 0.000000 0.451351 3.000000
79.530197 55.555599 0.000000 0.409555 2.000000
89.597298 76.767700 0.000000 0.485574 3.000000
73.489899 51.515202 0.000000 0.526461 3.000000
60.402699 34.343399 0.000000 0.178602 2.000000
0.000000 0.000000 0.000000 0.000000 0.000000
