139.932999 79.797997 0.000000 0.416671 2.000000
148.992996 97.979797 0.000000 0.629220 3.000000
148.992996 66.666702 0.000000 0.528904 3.000000
62.416100 21.212099 0.000000 0.134155 2.000000
58.389301 20.202000 0.000000 0.192308 3.000000
33.221500 62.626301 0.000000 0.125370 2.000000
39.261700 71.717201 0.000000 0.199787 3.000000
24.161100 27.272699 0.000000 0.166592 2.000000
23.154400 40.403999 0.000000 0.233853 3.000000
1.006710 26.262600 0.000000 0.320932 3.000000
109.732002 90.909103 0.000000 0.240403 2.000000
75.503403 66.666702 0.000000 0.297695 3.000000
81.543602 32.323200 0.000000 0.319020 3.000000
85.570503 41.414101 0.000000 0.124919 2.000000
45.301998 45.454498 0.000000 0.112173 2.000000
0.000000 0.000000 0.000000 0.000000 0.000000
