150.000000 65.656601 0.000000 0.432426 2.000000
145.973007 54.545502 0.000000 0.568578 3.000000
62.416100 21.212099 0.000000 0.153775 2.000000
58.389301 20.202000 0.000000 0.206573 3.000000
150.000000 79.797997 0.000000 0.568422 3.000000
81.543602 44.444401 0.000000 0.194071 2.000000
83.556999 84.848503 0.000000 0.316479 3.000000
25.167801 30.302999 0.000000 0.204318 2.000000
0.000000 28.282801 0.000000 0.428783 3.000000
106.710999 42.424198 0.000000 0.192632 2.000000
92.617401 30.302999 0.000000 0.324056 3.000000
5.033560 57.575802 0.000000 0.320135 3.000000
51.342300 44.444401 0.000000 0.127190 2.000000
0.000000 0.000000 0.000000 0.000000 0.000000
