129.865997 49.494900 0.000000 0.605410 2.000000
150.000000 66.666702 0.000000 0.951837 3.000000
84.563797 40.403999 0.000000 0.249177 2.000000
91.610703 32.323200 0.000000 0.353072 3.000000
120.805000 67.676804 0.000000 0.733019 3.000000
139.932999 39.393902 0.000000 0.413871 2.000000
139.932999 37.373699 0.000000 0.500698 3.000000
25.167801 52.525299 0.000000 0.292693 2.000000
16.107401 59.596001 0.000000 0.450709 3.000000
36.241600 44.444401 0.000000 0.379693 3.000000
81.543602 61.616199 0.000000 0.400547 3.000000
110.737999 42.424198 0.000000 0.226836 2.000000
66.443001 43.434299 0.000000 0.211726 2.000000
0.000000 0.000000 0.000000 0.000000 0.000000
