142.953003 49.494900 0.000000 0.651749 2.000000
150.000000 66.666702 0.000000 0.917238 3.000000
122.819000 65.656601 0.000000 0.786719 3.000000
69.463097 21.212099 0.000000 0.050582 2.000000
58.389301 20.202000 0.000000 0.121361 3.000000
86.577202 40.403999 0.000000 0.245334 2.000000
92.617401 30.302999 0.000000 0.409389 3.000000
3.020130 45.454498 0.000000 0.372924 2.000000
12.080500 56.565701 0.000000 0.454247 3.000000
9.060400 28.282801 0.000000 0.449123 3.000000
83.556999 66.666702 0.000000 0.442154 3.000000
106.710999 87.878799 0.000000 0.232156 2.000000
53.355701 39.393902 0.000000 0.203392 2.000000
0.000000 0.000000 0.000000 0.000000 0.000000
