127.851997 52.525299 0.000000 0.586591 2.000000
150.000000 66.666702 0.000000 0.935391 3.000000
110.737999 41.414101 0.000000 0.227167 2.000000
89.597298 33.333302 0.000000 0.306627 3.000000
120.805000 64.646500 0.000000 0.673932 3.000000
139.932999 39.393902 0.000000 0.425840 2.000000
139.932999 37.373699 0.000000 0.521868 3.000000
86.577202 79.797997 0.000000 0.313161 2.000000
80.536903 59.596001 0.000000 0.424864 3.000000
25.167801 53.535400 0.000000 0.280837 2.000000
34.228199 46.464600 0.000000 0.344661 3.000000
13.087200 57.575802 0.000000 0.407953 3.000000
98.657700 93.939400 0.000000 0.375608 3.000000
84.563797 39.393902 0.000000 0.225458 2.000000
52.348999 33.333302 0.000000 0.200171 2.000000
0.000000 0.000000 0.000000 0.000000 0.000000
