61.409401 20.202000 0.000000 0.123053 2.000000
58.389301 20.202000 0.000000 0.189164 3.000000
150.000000 66.666702 0.000000 0.434943 2.000000
145.973007 54.545502 0.000000 0.591153 3.000000
150.000000 79.797997 0.000000 0.566551 3.000000
0.000000 46.464600 0.000000 0.216861 2.000000
0.000000 28.282801 0.000000 0.450389 3.000000
105.705002 41.414101 0.000000 0.187699 2.000000
92.617401 30.302999 0.000000 0.304040 3.000000
83.556999 44.444401 0.000000 0.181366 2.000000
83.556999 84.848503 0.000000 0.327561 3.000000
5.033560 57.575802 0.000000 0.341844 3.000000
50.335602 44.444401 0.000000 0.154773 2.000000
0.000000 0.000000 0.000000 0.000000 0.000000
