150.000000 88.888901 0.000000 0.493158 2.000000
150.000000 77.777802 0.000000 0.554055 3.000000
148.992996 97.979797 0.000000 0.549748 3.000000
32.214802 60.606098 0.000000 0.104388 2.000000
37.248299 69.696999 0.000000 0.205250 3.000000
147.987000 64.646500 0.000000 0.434332 2.000000
141.945999 59.596001 0.000000 0.512313 3.000000
110.737999 43.434299 0.000000 0.182427 2.000000
81.543602 32.323200 0.000000 0.360684 3.000000
26.174500 31.313101 0.000000 0.174992 2.000000
26.174500 45.454498 0.000000 0.252075 3.000000
1.006710 28.282801 0.000000 0.324077 3.000000
80.536903 44.444401 0.000000 0.178319 2.000000
75.503403 66.666702 0.000000 0.292801 3.000000
48.322102 43.434299 0.000000 0.117790 2.000000
0.000000 0.000000 0.000000 0.000000 0.000000
