140.940002 52.525299 0.000000 0.663269 2.000000
126.846001 60.606098 0.000000 0.762089 3.000000
150.000000 68.686897 0.000000 0.753682 3.000000
75.503403 84.848503 0.000000 0.082547 2.000000
69.463097 84.848503 0.000000 0.186295 3.000000
148.992996 81.818199 0.000000 0.601116 2.000000
147.987000 86.868698 0.000000 0.705216 3.000000
40.268501 36.363602 0.000000 0.312079 2.000000
49.328899 46.464600 0.000000 0.387343 3.000000
22.147699 60.606098 0.000000 0.649215 3.000000
81.543602 37.373699 0.000000 0.333057 2.000000
88.590599 32.323200 0.000000 0.413490 3.000000
105.705002 86.868698 0.000000 0.229695 2.000000
103.691002 33.333302 0.000000 0.307215 2.000000
110.737999 34.343399 0.000000 0.422284 3.000000
76.510101 51.515202 0.000000 0.380932 2.000000
71.476501 49.494900 0.000000 0.446342 3.000000
82.550301 64.646500 0.000000 0.459720 3.000000
58.389301 37.373699 0.000000 0.135262 2.000000
0.000000 0.000000 0.000000 0.000000 0.000000
