139.932999 77.777802 0.000000 0.413533 2.000000
148.992996 97.979797 0.000000 0.625373 3.000000
61.409401 21.212099 0.000000 0.149956 2.000000
81.543602 32.323200 0.000000 0.335975 3.000000
148.992996 65.656601 0.000000 0.535307 3.000000
32.214802 62.626301 0.000000 0.109814 2.000000
38.255001 71.717201 0.000000 0.174254 3.000000
58.389301 20.202000 0.000000 0.204260 3.000000
24.161100 26.262600 0.000000 0.171062 2.000000
23.154400 40.403999 0.000000 0.250152 3.000000
1.006710 25.252501 0.000000 0.324213 3.000000
43.288601 47.474701 0.000000 0.149348 2.000000
110.737999 44.444401 0.000000 0.112932 2.000000
0.000000 0.000000 0.000000 0.000000 0.000000
