124.832001 52.525299 0.000000 0.567085 2.000000
150.000000 64.646500 0.000000 0.890014 3.000000
118.792000 62.626301 0.000000 0.616133 3.000000
29.194599 30.302999 0.000000 0.274789 2.000000
32.214802 45.454498 0.000000 0.338365 3.000000
139.932999 39.393902 0.000000 0.505555 2.000000
139.932999 37.373699 0.000000 0.577331 3.000000
84.563797 75.757599 0.000000 0.324411 2.000000
98.657700 93.939400 0.000000 0.440490 3.000000
84.563797 39.393902 0.000000 0.224505 2.000000
88.590599 33.333302 0.000000 0.346359 3.000000
9.060400 56.565701 0.000000 0.368709 3.000000
127.851997 100.000000 0.000000 0.223452 2.000000
79.530197 57.575802 0.000000 0.404895 3.000000
50.335602 37.373699 0.000000 0.170175 2.000000
0.000000 0.000000 0.000000 0.000000 0.000000
