126.846001 51.515202 0.000000 0.586196 2.000000
150.000000 65.656601 0.000000 0.920951 3.000000
84.563797 40.403999 0.000000 0.215558 2.000000
89.597298 33.333302 0.000000 0.326921 3.000000
119.799004 64.646500 0.000000 0.665829 3.000000
139.932999 39.393902 0.000000 0.441951 2.000000
139.932999 37.373699 0.000000 0.542186 3.000000
85.570503 77.777802 0.000000 0.304592 2.000000
80.536903 59.596001 0.000000 0.400634 3.000000
23.154400 53.535400 0.000000 0.282995 2.000000
33.221500 45.454498 0.000000 0.375950 3.000000
98.657700 93.939400 0.000000 0.400550 3.000000
12.080500 57.575802 0.000000 0.381562 3.000000
50.335602 35.353500 0.000000 0.212039 2.000000
109.732002 40.403999 0.000000 0.211806 2.000000
0.000000 0.000000 0.000000 0.000000 0.000000
