129.865997 50.505100 0.000000 0.595026 2.000000
150.000000 66.666702 0.000000 0.945138 3.000000
120.805000 64.646500 0.000000 0.704598 3.000000
85.570503 40.403999 0.000000 0.242717 2.000000
91.610703 32.323200 0.000000 0.319092 3.000000
24.161100 27.272699 0.000000 0.285532 2.000000
35.234901 46.464600 0.000000 0.349231 3.000000
139.932999 39.393902 0.000000 0.426245 2.000000
139.932999 37.373699 0.000000 0.515685 3.000000
81.543602 60.606098 0.000000 0.429441 3.000000
14.094000 57.575802 0.000000 0.429103 3.000000
110.737999 41.414101 0.000000 0.232228 2.000000
54.362400 33.333302 0.000000 0.206776 2.000000
0.000000 0.000000 0.000000 0.000000 0.000000
