86.577202 38.383801 0.000000 0.160475 2.000000
92.617401 30.302999 0.000000 0.241339 3.000000
150.000000 74.747498 0.000000 0.439206 2.000000
148.992996 58.585899 0.000000 0.686667 3.000000
0.000000 46.464600 0.000000 0.233264 2.000000
0.000000 32.323200 0.000000 0.382604 3.000000
150.000000 82.828300 0.000000 0.495506 3.000000
43.288601 36.363602 0.000000 0.182646 2.000000
84.563797 86.868698 0.000000 0.417319 3.000000
6.040270 58.585899 0.000000 0.414973 3.000000
102.684998 38.383801 0.000000 0.149213 2.000000
0.000000 0.000000 0.000000 0.000000 0.000000
