139.932999 80.808098 0.000000 0.410828 2.000000
148.992996 97.979797 0.000000 0.629632 3.000000
148.992996 67.676804 0.000000 0.540636 3.000000
61.409401 21.212099 0.000000 0.118708 2.000000
58.389301 20.202000 0.000000 0.168486 3.000000
25.167801 27.272699 0.000000 0.170701 2.000000
1.006710 25.252501 0.000000 0.308998 3.000000
32.214802 62.626301 0.000000 0.115740 2.000000
39.261700 71.717201 0.000000 0.188352 3.000000
5.033560 58.585899 0.000000 0.264655 3.000000
110.737999 89.899002 0.000000 0.231356 2.000000
76.510101 67.676804 0.000000 0.301384 3.000000
81.543602 32.323200 0.000000 0.299768 3.000000
79.530197 41.414101 0.000000 0.111403 2.000000
45.301998 47.474701 0.000000 0.150142 2.000000
0.000000 0.000000 0.000000 0.000000 0.000000
