60.000000 23.000000 24.000000 0.872051 2.000000
69.000000 26.000000 24.000000 1.372820 3.000000
79.000000 29.000000 24.000000 0.372222 2.000000
81.000000 35.000000 24.000000 0.529583 3.000000
11.000000 31.000000 24.000000 0.993377 3.000000
84.000000 44.000000 24.000000 1.046050 2.000000
94.000000 41.000000 24.000000 1.303310 3.000000
69.000000 37.000000 24.000000 1.261790 3.000000
105.000000 27.000000 24.000000 0.918637 2.000000
173.000000 33.000000 24.000000 1.062980 2.000000
185.000000 33.000000 24.000000 1.225110 3.000000
123.000000 33.000000 24.000000 0.933449 2.000000
116.000000 19.000000 24.000000 1.179340 3.000000
161.000000 30.000000 24.000000 1.161210 3.000000
144.000000 32.000000 24.000000 0.980744 2.000000
139.000000 36.000000 24.000000 1.107470 3.000000
61.000000 41.000000 24.000000 0.849867 2.000000
69.000000 28.000000 24.000000 0.000000 0.000000
