61.000000 23.000000 24.000000 0.865992 2.000000
69.000000 26.000000 24.000000 1.348320 3.000000
139.000000 31.000000 24.000000 1.015220 2.000000
150.000000 25.000000 24.000000 1.316890 3.000000
11.000000 31.000000 24.000000 0.993624 3.000000
119.000000 32.000000 24.000000 1.065820 2.000000
111.000000 25.000000 24.000000 1.304080 3.000000
83.000000 42.000000 24.000000 1.133200 2.000000
93.000000 39.000000 24.000000 1.285480 3.000000
69.000000 37.000000 24.000000 1.270000 3.000000
103.000000 31.000000 24.000000 0.950718 2.000000
132.000000 38.000000 24.000000 1.268830 3.000000
162.000000 34.000000 24.000000 0.938546 2.000000
177.000000 31.000000 24.000000 1.262780 3.000000
61.000000 41.000000 24.000000 0.853971 2.000000
69.000000 28.000000 24.000000 0.000000 0.000000
