61.000000 23.000000 24.000000 0.868252 2.000000
69.000000 26.000000 24.000000 1.353080 3.000000
84.000000 43.000000 24.000000 1.071280 2.000000
96.000000 40.000000 24.000000 1.270000 3.000000
80.000000 30.000000 24.000000 0.349039 2.000000
81.000000 34.000000 24.000000 0.518916 3.000000
69.000000 37.000000 24.000000 1.269230 3.000000
11.000000 31.000000 24.000000 0.993489 3.000000
172.000000 32.000000 24.000000 1.005670 2.000000
186.000000 35.000000 24.000000 1.246430 3.000000
108.000000 22.000000 24.000000 0.867480 2.000000
131.000000 44.000000 24.000000 0.910542 2.000000
116.000000 19.000000 24.000000 1.182180 3.000000
160.000000 30.000000 24.000000 1.135720 3.000000
137.000000 40.000000 24.000000 1.080350 3.000000
144.000000 28.000000 24.000000 0.888806 2.000000
61.000000 40.000000 24.000000 0.851816 2.000000
69.000000 28.000000 24.000000 0.000000 0.000000
