61.000000 22.000000 24.000000 0.845044 2.000000
97.000000 20.000000 24.000000 1.371910 3.000000
92.000000 36.000000 24.000000 0.509291 2.000000
93.000000 32.000000 24.000000 0.744613 3.000000
97.000000 47.000000 24.000000 0.899977 2.000000
118.000000 42.000000 24.000000 1.317930 3.000000
69.000000 37.000000 24.000000 1.288530 3.000000
60.000000 40.000000 24.000000 0.861158 2.000000
11.000000 32.000000 24.000000 0.994545 3.000000
166.000000 36.000000 24.000000 0.928352 2.000000
144.000000 23.000000 24.000000 1.261470 3.000000
172.000000 38.000000 24.000000 1.124340 3.000000
139.000000 27.000000 24.000000 0.889529 2.000000
69.000000 28.000000 24.000000 0.000000 0.000000
