86.000000 18.000000 24.000000 0.909158 2.000000
69.000000 26.000000 24.000000 1.344870 3.000000
83.000000 27.000000 24.000000 0.558070 2.000000
82.000000 30.000000 24.000000 0.748455 3.000000
61.000000 41.000000 24.000000 0.863864 2.000000
11.000000 32.000000 24.000000 0.993295 3.000000
85.000000 39.000000 24.000000 1.335190 3.000000
110.000000 33.000000 24.000000 0.998907 2.000000
99.000000 23.000000 24.000000 1.320010 3.000000
127.000000 32.000000 24.000000 1.025000 2.000000
120.000000 38.000000 24.000000 1.255620 3.000000
145.000000 31.000000 24.000000 1.049300 2.000000
140.000000 29.000000 24.000000 1.184340 3.000000
154.000000 32.000000 24.000000 1.155540 3.000000
61.000000 23.000000 24.000000 0.861064 2.000000
69.000000 28.000000 24.000000 0.000000 0.000000
