60.000000 40.000000 24.000000 0.873172 2.000000
69.000000 37.000000 24.000000 1.392520 3.000000
82.000000 21.000000 24.000000 1.114420 2.000000
92.000000 24.000000 24.000000 1.306950 3.000000
10.000000 32.000000 24.000000 0.993567 3.000000
119.000000 31.000000 24.000000 1.015820 2.000000
110.000000 40.000000 24.000000 1.292640 3.000000
69.000000 26.000000 24.000000 1.255250 3.000000
103.000000 33.000000 24.000000 0.944902 2.000000
137.000000 31.000000 24.000000 1.031310 2.000000
131.000000 27.000000 24.000000 1.213550 3.000000
145.000000 33.000000 24.000000 1.168830 3.000000
61.000000 23.000000 24.000000 0.849921 2.000000
69.000000 28.000000 24.000000 0.000000 0.000000
