61.000000 41.000000 24.000000 0.867419 2.000000
69.000000 37.000000 24.000000 1.365090 3.000000
100.000000 33.000000 24.000000 0.855514 2.000000
88.000000 23.000000 24.000000 1.309650 3.000000
10.000000 32.000000 24.000000 0.993732 3.000000
115.000000 31.000000 24.000000 0.996194 2.000000
105.000000 40.000000 24.000000 1.297930 3.000000
150.000000 33.000000 24.000000 1.095480 2.000000
169.000000 34.000000 24.000000 1.274170 3.000000
132.000000 31.000000 24.000000 1.024030 2.000000
125.000000 26.000000 24.000000 1.222600 3.000000
141.000000 33.000000 24.000000 1.203850 3.000000
61.000000 23.000000 24.000000 0.852860 2.000000
69.000000 28.000000 24.000000 0.000000 0.000000
