126.000000 34.000000 24.000000 0.892063 2.000000
110.000000 20.000000 24.000000 1.368540 3.000000
61.000000 41.000000 24.000000 0.850136 2.000000
94.000000 41.000000 24.000000 1.353710 3.000000
150.000000 28.000000 24.000000 0.971941 2.000000
135.000000 41.000000 24.000000 1.365330 3.000000
88.000000 26.000000 24.000000 0.558726 2.000000
89.000000 30.000000 24.000000 0.686367 3.000000
61.000000 23.000000 24.000000 0.860449 2.000000
11.000000 31.000000 24.000000 0.994589 3.000000
91.000000 15.000000 24.000000 0.879220 2.000000
69.000000 26.000000 24.000000 1.319790 3.000000
163.000000 25.000000 24.000000 1.264430 3.000000
182.000000 38.000000 24.000000 0.939375 2.000000
188.000000 39.000000 24.000000 1.031120 3.000000
69.000000 28.000000 24.000000 0.000000 0.000000
