113.000000 44.000000 24.000000 0.858633 2.000000
92.000000 44.000000 24.000000 1.332660 3.000000
138.000000 24.000000 24.000000 0.899408 2.000000
69.000000 26.000000 24.000000 1.251540 3.000000
106.000000 31.000000 24.000000 0.381253 2.000000
92.000000 30.000000 24.000000 0.645036 3.000000
60.000000 22.000000 24.000000 0.852501 2.000000
11.000000 31.000000 24.000000 0.994402 3.000000
170.000000 40.000000 24.000000 0.926864 2.000000
135.000000 39.000000 24.000000 1.134490 3.000000
164.000000 25.000000 24.000000 1.046530 3.000000
69.000000 28.000000 24.000000 0.000000 0.000000
