61.000000 41.000000 24.000000 0.866317 2.000000
69.000000 37.000000 24.000000 1.357650 3.000000
11.000000 32.000000 24.000000 0.993011 3.000000
82.000000 21.000000 24.000000 1.166070 2.000000
91.000000 23.000000 24.000000 1.271860 3.000000
69.000000 26.000000 24.000000 1.258700 3.000000
103.000000 35.000000 24.000000 0.868807 2.000000
116.000000 30.000000 24.000000 0.932363 2.000000
110.000000 41.000000 24.000000 1.180290 3.000000
161.000000 23.000000 24.000000 0.952974 2.000000
151.000000 33.000000 24.000000 1.175120 3.000000
169.000000 31.000000 24.000000 1.142810 3.000000
129.000000 20.000000 24.000000 1.110850 3.000000
181.000000 35.000000 24.000000 0.941260 2.000000
188.000000 37.000000 24.000000 1.046870 3.000000
134.000000 31.000000 24.000000 0.930662 2.000000
61.000000 23.000000 24.000000 0.852626 2.000000
69.000000 28.000000 24.000000 0.000000 0.000000
