146.000000 32.000000 24.000000 1.048650 2.000000
158.000000 27.000000 24.000000 1.320150 3.000000
85.000000 36.000000 24.000000 0.426697 2.000000
84.000000 33.000000 24.000000 0.619786 3.000000
88.000000 44.000000 24.000000 0.953561 2.000000
69.000000 37.000000 24.000000 1.314690 3.000000
61.000000 23.000000 24.000000 0.861493 2.000000
11.000000 31.000000 24.000000 0.993717 3.000000
69.000000 26.000000 24.000000 1.305890 3.000000
110.000000 31.000000 24.000000 1.010930 2.000000
100.000000 39.000000 24.000000 1.300810 3.000000
126.000000 32.000000 24.000000 1.094910 2.000000
120.000000 26.000000 24.000000 1.281550 3.000000
136.000000 37.000000 24.000000 1.271400 3.000000
170.000000 35.000000 24.000000 0.932189 2.000000
184.000000 30.000000 24.000000 1.205900 3.000000
61.000000 40.000000 24.000000 0.858943 2.000000
69.000000 28.000000 24.000000 0.000000 0.000000
