61.000000 23.000000 24.000000 0.867700 2.000000
69.000000 26.000000 24.000000 1.387170 3.000000
10.000000 31.000000 24.000000 0.993708 3.000000
98.000000 30.000000 24.000000 0.906053 2.000000
87.000000 40.000000 24.000000 1.321480 3.000000
114.000000 33.000000 24.000000 0.969322 2.000000
105.000000 21.000000 24.000000 1.300200 3.000000
133.000000 32.000000 24.000000 1.002760 2.000000
174.000000 33.000000 24.000000 1.176830 3.000000
128.000000 37.000000 24.000000 1.161570 3.000000
61.000000 41.000000 24.000000 0.855874 2.000000
69.000000 28.000000 24.000000 0.000000 0.000000
