60.000000 40.000000 24.000000 0.872444 2.000000
69.000000 37.000000 24.000000 1.399590 3.000000
10.000000 32.000000 24.000000 0.993390 3.000000
82.000000 21.000000 24.000000 1.142040 2.000000
91.000000 23.000000 24.000000 1.313370 3.000000
69.000000 26.000000 24.000000 1.237940 3.000000
102.000000 34.000000 24.000000 0.916899 2.000000
118.000000 30.000000 24.000000 0.952148 2.000000
111.000000 43.000000 24.000000 1.235380 3.000000
138.000000 31.000000 24.000000 0.999856 2.000000
179.000000 30.000000 24.000000 1.207210 3.000000
134.000000 27.000000 24.000000 1.130070 3.000000
61.000000 23.000000 24.000000 0.849424 2.000000
69.000000 28.000000 24.000000 0.000000 0.000000
