61.000000 23.000000 24.000000 0.864673 2.000000
69.000000 26.000000 24.000000 1.321550 3.000000
81.000000 29.000000 24.000000 0.373818 2.000000
83.000000 34.000000 24.000000 0.618437 3.000000
86.000000 44.000000 24.000000 1.006240 2.000000
69.000000 37.000000 24.000000 1.303140 3.000000
11.000000 31.000000 24.000000 0.993644 3.000000
97.000000 40.000000 24.000000 1.289840 3.000000
176.000000 30.000000 24.000000 0.994907 2.000000
191.000000 34.000000 24.000000 1.270590 3.000000
108.000000 30.000000 24.000000 0.960417 2.000000
124.000000 32.000000 24.000000 1.019510 2.000000
116.000000 25.000000 24.000000 1.260220 3.000000
141.000000 33.000000 24.000000 1.089500 2.000000
151.000000 33.000000 24.000000 1.240620 3.000000
136.000000 35.000000 24.000000 1.215930 3.000000
61.000000 40.000000 24.000000 0.856665 2.000000
69.000000 28.000000 24.000000 0.000000 0.000000
