61.000000 23.000000 24.000000 0.864686 2.000000
69.000000 26.000000 24.000000 1.372580 3.000000
84.000000 28.000000 24.000000 0.698748 2.000000
84.000000 30.000000 24.000000 0.805630 3.000000
97.000000 29.000000 24.000000 0.886314 2.000000
86.000000 39.000000 24.000000 1.333340 3.000000
11.000000 31.000000 24.000000 0.993844 3.000000
112.000000 32.000000 24.000000 0.987881 2.000000
102.000000 22.000000 24.000000 1.322990 3.000000
130.000000 32.000000 24.000000 1.015560 2.000000
124.000000 38.000000 24.000000 1.201680 3.000000
172.000000 32.000000 24.000000 1.154570 3.000000
61.000000 41.000000 24.000000 0.860309 2.000000
69.000000 28.000000 24.000000 0.000000 0.000000
