61.000000 23.000000 24.000000 0.865671 2.000000
10.000000 31.000000 24.000000 0.993243 3.000000
69.000000 26.000000 24.000000 1.360270 3.000000
61.000000 41.000000 24.000000 0.852654 2.000000
90.000000 40.000000 24.000000 1.291040 3.000000
121.000000 43.000000 24.000000 0.866492 2.000000
107.000000 21.000000 24.000000 1.276590 3.000000
185.000000 29.000000 24.000000 0.973002 2.000000
173.000000 33.000000 24.000000 1.136760 3.000000
136.000000 26.000000 24.000000 0.882518 2.000000
130.000000 42.000000 24.000000 1.113150 3.000000
187.000000 23.000000 24.000000 1.065420 3.000000
102.000000 28.000000 24.000000 0.824590 2.000000
156.000000 27.000000 24.000000 0.870250 2.000000
151.000000 25.000000 24.000000 1.051680 3.000000
69.000000 28.000000 24.000000 0.000000 0.000000
