90.000000 46.000000 24.000000 0.885951 2.000000
69.000000 37.000000 24.000000 1.345890 3.000000
116.000000 24.000000 24.000000 0.894775 2.000000
104.000000 41.000000 24.000000 1.315750 3.000000
61.000000 41.000000 24.000000 0.862114 2.000000
11.000000 31.000000 24.000000 0.993258 3.000000
99.000000 33.000000 24.000000 0.881751 2.000000
88.000000 23.000000 24.000000 1.303520 3.000000
126.000000 22.000000 24.000000 1.179430 3.000000
132.000000 40.000000 24.000000 0.870952 2.000000
146.000000 38.000000 24.000000 1.054900 3.000000
181.000000 33.000000 24.000000 0.958657 2.000000
186.000000 38.000000 24.000000 1.103990 3.000000
169.000000 29.000000 24.000000 1.075180 3.000000
150.000000 26.000000 24.000000 0.839083 2.000000
69.000000 28.000000 24.000000 0.000000 0.000000
