61.000000 41.000000 24.000000 0.868494 2.000000
69.000000 37.000000 24.000000 1.344050 3.000000
80.000000 34.000000 24.000000 0.374109 2.000000
82.000000 29.000000 24.000000 0.582767 3.000000
84.000000 20.000000 24.000000 1.035300 2.000000
95.000000 23.000000 24.000000 1.300720 3.000000
11.000000 32.000000 24.000000 0.992578 3.000000
157.000000 33.000000 24.000000 1.094850 2.000000
176.000000 34.000000 24.000000 1.294170 3.000000
69.000000 26.000000 24.000000 1.286230 3.000000
107.000000 33.000000 24.000000 0.949970 2.000000
123.000000 31.000000 24.000000 1.009230 2.000000
114.000000 39.000000 24.000000 1.270500 3.000000
140.000000 31.000000 24.000000 1.040360 2.000000
134.000000 28.000000 24.000000 1.190580 3.000000
149.000000 33.000000 24.000000 1.185430 3.000000
61.000000 23.000000 24.000000 0.852988 2.000000
69.000000 28.000000 24.000000 0.000000 0.000000
