87.000000 45.000000 24.000000 0.958123 2.000000
98.000000 41.000000 24.000000 1.382220 3.000000
107.000000 31.000000 24.000000 0.939872 2.000000
117.000000 24.000000 24.000000 1.350210 3.000000
84.000000 36.000000 24.000000 0.471530 2.000000
84.000000 34.000000 24.000000 0.617935 3.000000
61.000000 23.000000 24.000000 0.866242 2.000000
11.000000 31.000000 24.000000 0.993020 3.000000
94.000000 32.000000 24.000000 0.936730 2.000000
69.000000 26.000000 24.000000 1.327480 3.000000
69.000000 37.000000 24.000000 1.296970 3.000000
125.000000 33.000000 24.000000 0.882352 2.000000
140.000000 35.000000 24.000000 1.124090 3.000000
166.000000 28.000000 24.000000 0.897716 2.000000
181.000000 34.000000 24.000000 1.101610 3.000000
160.000000 28.000000 24.000000 1.093070 3.000000
145.000000 27.000000 24.000000 0.816513 2.000000
69.000000 28.000000 24.000000 0.000000 0.000000
