60.000000 40.000000 24.000000 0.868157 2.000000
69.000000 37.000000 24.000000 1.364230 3.000000
11.000000 32.000000 24.000000 0.993240 3.000000
82.000000 21.000000 24.000000 1.154040 2.000000
92.000000 23.000000 24.000000 1.273350 3.000000
69.000000 26.000000 24.000000 1.253160 3.000000
60.000000 22.000000 24.000000 0.851045 2.000000
126.000000 18.000000 24.000000 0.879720 2.000000
111.000000 43.000000 24.000000 1.224930 3.000000
160.000000 36.000000 24.000000 0.966067 2.000000
182.000000 27.000000 24.000000 1.205450 3.000000
155.000000 36.000000 24.000000 1.096070 3.000000
140.000000 36.000000 24.000000 0.882914 2.000000
134.000000 19.000000 24.000000 1.072360 3.000000
105.000000 37.000000 24.000000 0.829570 2.000000
69.000000 28.000000 24.000000 0.000000 0.000000
