110.000000 30.000000 24.000000 0.976250 2.000000
99.000000 41.000000 24.000000 1.336600 3.000000
83.000000 36.000000 24.000000 0.582488 2.000000
83.000000 34.000000 24.000000 0.753853 3.000000
61.000000 23.000000 24.000000 0.866832 2.000000
12.000000 31.000000 24.000000 0.993689 3.000000
86.000000 46.000000 24.000000 0.904693 2.000000
69.000000 37.000000 24.000000 1.333150 3.000000
85.000000 24.000000 24.000000 1.331220 3.000000
128.000000 31.000000 24.000000 1.002400 2.000000
121.000000 24.000000 24.000000 1.203170 3.000000
147.000000 32.000000 24.000000 1.061290 2.000000
143.000000 33.000000 24.000000 1.152870 3.000000
169.000000 30.000000 24.000000 1.151870 3.000000
95.000000 33.000000 24.000000 0.866238 2.000000
69.000000 28.000000 24.000000 0.000000 0.000000
