61.000000 23.000000 24.000000 0.866736 2.000000
69.000000 26.000000 24.000000 1.356000 3.000000
11.000000 31.000000 24.000000 0.993338 3.000000
80.000000 42.000000 24.000000 1.168000 2.000000
90.000000 40.000000 24.000000 1.296030 3.000000
116.000000 32.000000 24.000000 1.011180 2.000000
106.000000 23.000000 24.000000 1.292530 3.000000
169.000000 29.000000 24.000000 1.056020 2.000000
181.000000 26.000000 24.000000 1.270480 3.000000
69.000000 37.000000 24.000000 1.265320 3.000000
102.000000 30.000000 24.000000 0.876254 2.000000
133.000000 33.000000 24.000000 1.066750 2.000000
143.000000 32.000000 24.000000 1.256400 3.000000
127.000000 36.000000 24.000000 1.244160 3.000000
61.000000 41.000000 24.000000 0.853898 2.000000
69.000000 28.000000 24.000000 0.000000 0.000000
