61.000000 41.000000 24.000000 0.866782 2.000000
69.000000 37.000000 24.000000 1.348700 3.000000
11.000000 32.000000 24.000000 0.993752 3.000000
118.000000 32.000000 24.000000 1.039020 2.000000
108.000000 40.000000 24.000000 1.296500 3.000000
154.000000 31.000000 24.000000 1.076630 2.000000
165.000000 27.000000 24.000000 1.288900 3.000000
82.000000 21.000000 24.000000 1.150420 2.000000
92.000000 24.000000 24.000000 1.283280 3.000000
134.000000 31.000000 24.000000 1.141230 2.000000
130.000000 30.000000 24.000000 1.273500 3.000000
69.000000 26.000000 24.000000 1.272550 3.000000
144.000000 35.000000 24.000000 1.267630 3.000000
102.000000 32.000000 24.000000 0.907542 2.000000
178.000000 36.000000 24.000000 0.892458 2.000000
190.000000 29.000000 24.000000 1.080730 3.000000
61.000000 23.000000 24.000000 0.854242 2.000000
69.000000 28.000000 24.000000 0.000000 0.000000
