91.000000 17.000000 24.000000 0.863429 2.000000
69.000000 26.000000 24.000000 1.341580 3.000000
114.000000 34.000000 24.000000 0.905372 2.000000
106.000000 23.000000 24.000000 1.333000 3.000000
61.000000 23.000000 24.000000 0.862191 2.000000
11.000000 31.000000 24.000000 0.993100 3.000000
61.000000 41.000000 24.000000 0.856665 2.000000
89.000000 40.000000 24.000000 1.274050 3.000000
132.000000 34.000000 24.000000 0.934349 2.000000
125.000000 36.000000 24.000000 1.208530 3.000000
158.000000 39.000000 24.000000 0.975415 2.000000
167.000000 33.000000 24.000000 1.195960 3.000000
174.000000 24.000000 24.000000 0.953964 2.000000
184.000000 27.000000 24.000000 1.154080 3.000000
146.000000 23.000000 24.000000 1.106010 3.000000
69.000000 28.000000 24.000000 0.000000 0.000000
