61.000000 23.000000 24.000000 0.871905 2.000000
69.000000 26.000000 24.000000 1.357430 3.000000
85.000000 45.000000 24.000000 0.976250 2.000000
69.000000 37.000000 24.000000 1.299190 3.000000
108.000000 30.000000 24.000000 0.978463 2.000000
96.000000 40.000000 24.000000 1.329560 3.000000
81.000000 37.000000 24.000000 0.426355 2.000000
81.000000 34.000000 24.000000 0.671099 3.000000
11.000000 31.000000 24.000000 0.993231 3.000000
125.000000 31.000000 24.000000 1.012750 2.000000
118.000000 25.000000 24.000000 1.241920 3.000000
144.000000 32.000000 24.000000 1.063700 2.000000
139.000000 34.000000 24.000000 1.173910 3.000000
184.000000 31.000000 24.000000 1.170460 3.000000
61.000000 40.000000 24.000000 0.853677 2.000000
69.000000 28.000000 24.000000 0.000000 0.000000
