109.000000 43.000000 24.000000 0.935386 2.000000
90.000000 43.000000 24.000000 1.305360 3.000000
102.000000 34.000000 24.000000 0.331846 2.000000
93.000000 30.000000 24.000000 0.648184 3.000000
126.000000 24.000000 24.000000 0.898610 2.000000
99.000000 19.000000 24.000000 1.250410 3.000000
160.000000 40.000000 24.000000 0.940359 2.000000
127.000000 39.000000 24.000000 1.120210 3.000000
61.000000 41.000000 24.000000 0.853092 2.000000
11.000000 32.000000 24.000000 0.994396 3.000000
155.000000 25.000000 24.000000 1.055310 3.000000
69.000000 28.000000 24.000000 0.000000 0.000000
