61.000000 23.000000 24.000000 0.869572 2.000000
69.000000 26.000000 24.000000 1.394140 3.000000
11.000000 31.000000 24.000000 0.993772 3.000000
98.000000 30.000000 24.000000 0.890621 2.000000
87.000000 39.000000 24.000000 1.327850 3.000000
114.000000 32.000000 24.000000 1.013240 2.000000
104.000000 24.000000 24.000000 1.310280 3.000000
131.000000 32.000000 24.000000 1.047690 2.000000
125.000000 36.000000 24.000000 1.230730 3.000000
140.000000 31.000000 24.000000 1.193310 3.000000
61.000000 41.000000 24.000000 0.855247 2.000000
69.000000 28.000000 24.000000 0.000000 0.000000
