60.000000 40.000000 24.000000 0.869773 2.000000
69.000000 37.000000 24.000000 1.380780 3.000000
11.000000 32.000000 24.000000 0.993308 3.000000
82.000000 21.000000 24.000000 1.149020 2.000000
92.000000 23.000000 24.000000 1.284240 3.000000
69.000000 26.000000 24.000000 1.246490 3.000000
169.000000 30.000000 24.000000 1.041370 2.000000
181.000000 29.000000 24.000000 1.243270 3.000000
104.000000 38.000000 24.000000 0.883308 2.000000
119.000000 29.000000 24.000000 0.928046 2.000000
111.000000 44.000000 24.000000 1.214440 3.000000
155.000000 34.000000 24.000000 1.147000 3.000000
140.000000 32.000000 24.000000 0.930693 2.000000
133.000000 24.000000 24.000000 1.090550 3.000000
61.000000 22.000000 24.000000 0.851068 2.000000
69.000000 28.000000 24.000000 0.000000 0.000000
