86.000000 18.000000 24.000000 1.008900 2.000000
95.000000 22.000000 24.000000 1.354920 3.000000
91.000000 31.000000 24.000000 0.887884 2.000000
69.000000 37.000000 24.000000 1.353950 3.000000
81.000000 33.000000 24.000000 0.381688 2.000000
82.000000 28.000000 24.000000 0.495625 3.000000
60.000000 40.000000 24.000000 0.869326 2.000000
11.000000 32.000000 24.000000 0.992839 3.000000
105.000000 33.000000 24.000000 0.924808 2.000000
114.000000 43.000000 24.000000 1.325920 3.000000
69.000000 26.000000 24.000000 1.274070 3.000000
142.000000 34.000000 24.000000 0.880875 2.000000
133.000000 22.000000 24.000000 1.153700 3.000000
163.000000 35.000000 24.000000 0.893140 2.000000
178.000000 30.000000 24.000000 1.112320 3.000000
121.000000 33.000000 24.000000 0.880279 2.000000
157.000000 33.000000 24.000000 1.102360 3.000000
69.000000 28.000000 24.000000 0.000000 0.000000
