85.000000 18.000000 24.000000 1.039650 2.000000
103.000000 20.000000 24.000000 1.364340 3.000000
142.000000 28.000000 24.000000 0.954329 2.000000
126.000000 42.000000 24.000000 1.341630 3.000000
61.000000 41.000000 24.000000 0.858945 2.000000
88.000000 42.000000 24.000000 1.333330 3.000000
11.000000 32.000000 24.000000 0.994564 3.000000
154.000000 24.000000 24.000000 1.266310 3.000000
69.000000 26.000000 24.000000 1.260200 3.000000
174.000000 36.000000 24.000000 0.947992 2.000000
181.000000 38.000000 24.000000 1.114260 3.000000
60.000000 22.000000 24.000000 0.849652 2.000000
120.000000 34.000000 24.000000 0.808984 2.000000
69.000000 28.000000 24.000000 0.000000 0.000000
