60.000000 40.000000 24.000000 0.870397 2.000000
69.000000 37.000000 24.000000 1.401720 3.000000
99.000000 33.000000 24.000000 0.905314 2.000000
88.000000 24.000000 24.000000 1.328610 3.000000
115.000000 31.000000 24.000000 0.996120 2.000000
105.000000 40.000000 24.000000 1.304660 3.000000
10.000000 32.000000 24.000000 0.993761 3.000000
133.000000 31.000000 24.000000 1.029290 2.000000
127.000000 27.000000 24.000000 1.202690 3.000000
141.000000 32.000000 24.000000 1.164790 3.000000
61.000000 23.000000 24.000000 0.853834 2.000000
69.000000 28.000000 24.000000 0.000000 0.000000
