87.000000 19.000000 24.000000 0.978431 2.000000
69.000000 26.000000 24.000000 1.310760 3.000000
61.000000 41.000000 24.000000 0.862841 2.000000
69.000000 37.000000 24.000000 1.309090 3.000000
84.000000 27.000000 24.000000 0.396356 2.000000
83.000000 30.000000 24.000000 0.626511 3.000000
10.000000 31.000000 24.000000 0.993557 3.000000
109.000000 33.000000 24.000000 0.980275 2.000000
99.000000 24.000000 24.000000 1.286760 3.000000
125.000000 33.000000 24.000000 1.050630 2.000000
118.000000 38.000000 24.000000 1.271990 3.000000
162.000000 29.000000 24.000000 1.080050 2.000000
138.000000 31.000000 24.000000 1.267040 3.000000
172.000000 26.000000 24.000000 1.266900 3.000000
61.000000 23.000000 24.000000 0.857475 2.000000
69.000000 28.000000 24.000000 0.000000 0.000000
