60.000000 23.000000 24.000000 0.875125 2.000000
69.000000 26.000000 24.000000 1.409170 3.000000
83.000000 35.000000 24.000000 0.368188 2.000000
80.000000 34.000000 24.000000 0.471530 3.000000
10.000000 31.000000 24.000000 0.993351 3.000000
82.000000 42.000000 24.000000 1.111320 2.000000
91.000000 40.000000 24.000000 1.322130 3.000000
120.000000 32.000000 24.000000 0.994048 2.000000
112.000000 23.000000 24.000000 1.262570 3.000000
69.000000 37.000000 24.000000 1.242440 3.000000
103.000000 29.000000 24.000000 0.947540 2.000000
138.000000 32.000000 24.000000 1.041760 2.000000
179.000000 32.000000 24.000000 1.175210 3.000000
134.000000 35.000000 24.000000 1.171820 3.000000
61.000000 41.000000 24.000000 0.847695 2.000000
69.000000 28.000000 24.000000 0.000000 0.000000
