90.000000 45.000000 24.000000 0.910921 2.000000
103.000000 41.000000 24.000000 1.361840 3.000000
69.000000 37.000000 24.000000 1.320240 3.000000
86.000000 36.000000 24.000000 0.509224 2.000000
86.000000 33.000000 24.000000 0.651209 3.000000
61.000000 40.000000 24.000000 0.859371 2.000000
11.000000 31.000000 24.000000 0.993184 3.000000
97.000000 31.000000 24.000000 0.873585 2.000000
87.000000 23.000000 24.000000 1.295570 3.000000
111.000000 27.000000 24.000000 0.881366 2.000000
124.000000 25.000000 24.000000 1.236930 3.000000
173.000000 37.000000 24.000000 0.973407 2.000000
183.000000 36.000000 24.000000 1.211890 3.000000
164.000000 29.000000 24.000000 1.148420 3.000000
150.000000 33.000000 24.000000 0.951309 2.000000
144.000000 33.000000 24.000000 1.077840 3.000000
128.000000 34.000000 24.000000 0.825400 2.000000
69.000000 28.000000 24.000000 0.000000 0.000000
