61.000000 22.000000 24.000000 0.849780 2.000000
92.000000 20.000000 24.000000 1.364610 3.000000
91.000000 45.000000 24.000000 1.053230 2.000000
111.000000 42.000000 24.000000 1.297750 3.000000
99.000000 36.000000 24.000000 0.476307 2.000000
90.000000 33.000000 24.000000 0.599451 3.000000
69.000000 37.000000 24.000000 1.274280 3.000000
61.000000 41.000000 24.000000 0.854990 2.000000
11.000000 31.000000 24.000000 0.994503 3.000000
156.000000 36.000000 24.000000 0.903182 2.000000
135.000000 23.000000 24.000000 1.250570 3.000000
163.000000 38.000000 24.000000 1.129130 3.000000
130.000000 28.000000 24.000000 0.794021 2.000000
69.000000 28.000000 24.000000 0.000000 0.000000
