61.000000 40.000000 24.000000 0.865453 2.000000
69.000000 37.000000 24.000000 1.363640 3.000000
98.000000 32.000000 24.000000 0.931100 2.000000
107.000000 43.000000 24.000000 1.344470 3.000000
11.000000 32.000000 24.000000 0.992976 3.000000
89.000000 23.000000 24.000000 1.311820 3.000000
113.000000 31.000000 24.000000 0.908598 2.000000
126.000000 23.000000 24.000000 1.264190 3.000000
134.000000 32.000000 24.000000 0.869449 2.000000
149.000000 34.000000 24.000000 1.101810 3.000000
61.000000 23.000000 24.000000 0.854057 2.000000
182.000000 34.000000 24.000000 0.946788 2.000000
169.000000 29.000000 24.000000 1.099390 3.000000
188.000000 35.000000 24.000000 1.057200 3.000000
155.000000 35.000000 24.000000 0.825402 2.000000
69.000000 28.000000 24.000000 0.000000 0.000000
