61.000000 41.000000 24.000000 0.863771 2.000000
84.000000 40.000000 24.000000 1.311700 3.000000
87.000000 18.000000 24.000000 0.979819 2.000000
69.000000 26.000000 24.000000 1.306890 3.000000
84.000000 26.000000 24.000000 0.426347 2.000000
83.000000 29.000000 24.000000 0.623487 3.000000
11.000000 32.000000 24.000000 0.993455 3.000000
99.000000 22.000000 24.000000 1.280160 3.000000
133.000000 19.000000 24.000000 0.885955 2.000000
120.000000 44.000000 24.000000 1.163770 3.000000
113.000000 40.000000 24.000000 0.858687 2.000000
175.000000 31.000000 24.000000 0.971228 2.000000
184.000000 27.000000 24.000000 1.159360 3.000000
164.000000 34.000000 24.000000 1.112950 3.000000
142.000000 23.000000 24.000000 1.056400 3.000000
146.000000 36.000000 24.000000 0.858934 2.000000
61.000000 23.000000 24.000000 0.855647 2.000000
69.000000 28.000000 24.000000 0.000000 0.000000
