61.000000 23.000000 24.000000 0.866819 2.000000
69.000000 26.000000 24.000000 1.379940 3.000000
10.000000 31.000000 24.000000 0.993605 3.000000
100.000000 28.000000 24.000000 0.882100 2.000000
88.000000 40.000000 24.000000 1.305920 3.000000
116.000000 34.000000 24.000000 0.941687 2.000000
106.000000 19.000000 24.000000 1.259750 3.000000
135.000000 32.000000 24.000000 0.962109 2.000000
176.000000 33.000000 24.000000 1.211380 3.000000
130.000000 39.000000 24.000000 1.108360 3.000000
61.000000 41.000000 24.000000 0.855022 2.000000
69.000000 28.000000 24.000000 0.000000 0.000000
