106.000000 17.000000 24.000000 0.876297 2.000000
88.000000 20.000000 24.000000 1.323240 3.000000
101.000000 29.000000 24.000000 0.500165 2.000000
97.000000 33.000000 24.000000 0.669121 3.000000
82.000000 44.000000 24.000000 1.131950 2.000000
103.000000 43.000000 24.000000 1.312190 3.000000
60.000000 22.000000 24.000000 0.855454 2.000000
11.000000 31.000000 24.000000 0.994451 3.000000
69.000000 37.000000 24.000000 1.233750 3.000000
61.000000 41.000000 24.000000 0.847531 2.000000
126.000000 23.000000 24.000000 1.229730 3.000000
186.000000 40.000000 24.000000 0.914438 2.000000
183.000000 26.000000 24.000000 1.032390 3.000000
154.000000 38.000000 24.000000 1.133670 3.000000
146.000000 36.000000 24.000000 0.869610 2.000000
69.000000 28.000000 24.000000 0.000000 0.000000
