61.000000 41.000000 24.000000 0.845619 2.000000
96.000000 44.000000 24.000000 1.336310 3.000000
101.000000 18.000000 24.000000 1.017380 2.000000
69.000000 26.000000 24.000000 1.258410 3.000000
97.000000 27.000000 24.000000 0.312354 2.000000
94.000000 31.000000 24.000000 0.681608 3.000000
60.000000 22.000000 24.000000 0.856107 2.000000
11.000000 31.000000 24.000000 0.994425 3.000000
118.000000 22.000000 24.000000 1.201060 3.000000
177.000000 41.000000 24.000000 0.915794 2.000000
144.000000 39.000000 24.000000 1.136850 3.000000
146.000000 22.000000 24.000000 0.885198 2.000000
175.000000 26.000000 24.000000 1.040740 3.000000
69.000000 28.000000 24.000000 0.000000 0.000000
