60.000000 40.000000 24.000000 0.868977 2.000000
69.000000 37.000000 24.000000 1.359700 3.000000
80.000000 32.000000 24.000000 0.268424 2.000000
82.000000 29.000000 24.000000 0.361514 3.000000
11.000000 32.000000 24.000000 0.993062 3.000000
83.000000 21.000000 24.000000 1.110350 2.000000
94.000000 23.000000 24.000000 1.299200 3.000000
105.000000 33.000000 24.000000 0.926163 2.000000
114.000000 40.000000 24.000000 1.296200 3.000000
69.000000 26.000000 24.000000 1.257810 3.000000
123.000000 25.000000 24.000000 0.889557 2.000000
135.000000 22.000000 24.000000 1.122300 3.000000
161.000000 35.000000 24.000000 0.873922 2.000000
178.000000 29.000000 24.000000 1.102430 3.000000
61.000000 23.000000 24.000000 0.849835 2.000000
155.000000 37.000000 24.000000 1.052010 3.000000
140.000000 38.000000 24.000000 0.844853 2.000000
69.000000 28.000000 24.000000 0.000000 0.000000
