60.000000 40.000000 24.000000 0.872351 2.000000
69.000000 37.000000 24.000000 1.405250 3.000000
11.000000 32.000000 24.000000 0.993697 3.000000
100.000000 33.000000 24.000000 0.916464 2.000000
89.000000 24.000000 24.000000 1.318420 3.000000
116.000000 31.000000 24.000000 1.021400 2.000000
106.000000 40.000000 24.000000 1.304600 3.000000
133.000000 31.000000 24.000000 1.050230 2.000000
127.000000 27.000000 24.000000 1.228180 3.000000
142.000000 33.000000 24.000000 1.188260 3.000000
61.000000 23.000000 24.000000 0.851791 2.000000
69.000000 28.000000 24.000000 0.000000 0.000000
