61.000000 23.000000 24.000000 0.866128 2.000000
69.000000 26.000000 24.000000 1.341230 3.000000
82.000000 30.000000 24.000000 0.285260 2.000000
83.000000 34.000000 24.000000 0.389763 3.000000
121.000000 33.000000 24.000000 0.866205 2.000000
115.000000 24.000000 24.000000 1.310830 3.000000
11.000000 31.000000 24.000000 0.992945 3.000000
85.000000 43.000000 24.000000 1.081580 2.000000
95.000000 40.000000 24.000000 1.299810 3.000000
69.000000 37.000000 24.000000 1.268400 3.000000
163.000000 35.000000 24.000000 0.972264 2.000000
175.000000 34.000000 24.000000 1.212550 3.000000
61.000000 40.000000 24.000000 0.852411 2.000000
141.000000 31.000000 24.000000 0.954099 2.000000
134.000000 35.000000 24.000000 1.156290 3.000000
155.000000 27.000000 24.000000 1.120650 3.000000
106.000000 22.000000 24.000000 0.842973 2.000000
69.000000 28.000000 24.000000 0.000000 0.000000
