60.000000 40.000000 24.000000 0.872821 2.000000
10.000000 32.000000 24.000000 0.993538 3.000000
69.000000 37.000000 24.000000 1.409020 3.000000
100.000000 34.000000 24.000000 0.926661 2.000000
89.000000 23.000000 24.000000 1.320890 3.000000
117.000000 31.000000 24.000000 0.982043 2.000000
108.000000 42.000000 24.000000 1.279970 3.000000
136.000000 31.000000 24.000000 1.025520 2.000000
177.000000 31.000000 24.000000 1.174940 3.000000
131.000000 28.000000 24.000000 1.169820 3.000000
61.000000 23.000000 24.000000 0.850118 2.000000
69.000000 28.000000 24.000000 0.000000 0.000000
