69.000000 25.000000 24.000000 1.314620 2.000000
69.000000 26.000000 24.000000 1.440990 3.000000
88.000000 38.000000 24.000000 0.912813 2.000000
69.000000 37.000000 24.000000 1.440920 3.000000
71.000000 25.000000 24.000000 1.414270 3.000000
76.000000 33.000000 24.000000 0.373811 2.000000
78.000000 31.000000 24.000000 0.730502 3.000000
88.000000 25.000000 24.000000 0.912885 2.000000
165.000000 31.000000 24.000000 1.003690 3.000000
61.000000 23.000000 24.000000 0.880089 2.000000
1.000000 32.000000 24.000000 0.999226 3.000000
0.000000 0.000000 24.000000 0.000000 0.000000
