61.000000 41.000000 24.000000 0.866808 2.000000
84.000000 39.000000 24.000000 1.340730 3.000000
86.000000 18.000000 24.000000 0.915504 2.000000
69.000000 26.000000 24.000000 1.336930 3.000000
83.000000 27.000000 24.000000 0.553572 2.000000
82.000000 30.000000 24.000000 0.752379 3.000000
12.000000 32.000000 24.000000 0.993431 3.000000
110.000000 33.000000 24.000000 0.991308 2.000000
99.000000 23.000000 24.000000 1.325750 3.000000
127.000000 32.000000 24.000000 1.023360 2.000000
120.000000 38.000000 24.000000 1.234560 3.000000
136.000000 30.000000 24.000000 1.183420 3.000000
61.000000 23.000000 24.000000 0.859065 2.000000
69.000000 28.000000 24.000000 0.000000 0.000000
