61.000000 23.000000 24.000000 0.860775 2.000000
69.000000 26.000000 24.000000 1.341810 3.000000
111.000000 33.000000 24.000000 0.922141 2.000000
103.000000 19.000000 24.000000 1.316440 3.000000
85.000000 28.000000 24.000000 0.656599 2.000000
86.000000 30.000000 24.000000 0.765148 3.000000
11.000000 32.000000 24.000000 0.992939 3.000000
96.000000 30.000000 24.000000 0.888297 2.000000
87.000000 40.000000 24.000000 1.295800 3.000000
121.000000 43.000000 24.000000 1.198820 3.000000
129.000000 33.000000 24.000000 0.892699 2.000000
145.000000 30.000000 24.000000 1.147580 3.000000
177.000000 31.000000 24.000000 0.937728 2.000000
186.000000 29.000000 24.000000 1.110750 3.000000
150.000000 36.000000 24.000000 0.882741 2.000000
166.000000 33.000000 24.000000 1.110310 3.000000
61.000000 41.000000 24.000000 0.859736 2.000000
69.000000 28.000000 24.000000 0.000000 0.000000
