61.000000 23.000000 24.000000 0.868141 2.000000
69.000000 26.000000 24.000000 1.361400 3.000000
84.000000 43.000000 24.000000 1.091940 2.000000
92.000000 41.000000 24.000000 1.301240 3.000000
11.000000 31.000000 24.000000 0.992852 3.000000
69.000000 37.000000 24.000000 1.264300 3.000000
103.000000 29.000000 24.000000 0.912160 2.000000
112.000000 17.000000 24.000000 1.213020 3.000000
139.000000 31.000000 24.000000 0.952378 2.000000
134.000000 37.000000 24.000000 1.160530 3.000000
118.000000 32.000000 24.000000 0.906823 2.000000
153.000000 31.000000 24.000000 1.140100 3.000000
160.000000 30.000000 24.000000 0.894165 2.000000
175.000000 32.000000 24.000000 1.119130 3.000000
62.000000 40.000000 24.000000 0.851714 2.000000
69.000000 28.000000 24.000000 0.000000 0.000000
