89.000000 47.000000 24.000000 0.888066 2.000000
69.000000 37.000000 24.000000 1.337280 3.000000
61.000000 23.000000 24.000000 0.858755 2.000000
86.000000 23.000000 24.000000 1.314390 3.000000
84.000000 36.000000 24.000000 0.620448 2.000000
84.000000 33.000000 24.000000 0.745881 3.000000
61.000000 40.000000 24.000000 0.860289 2.000000
11.000000 31.000000 24.000000 0.993491 3.000000
102.000000 42.000000 24.000000 1.269460 3.000000
180.000000 34.000000 24.000000 1.000950 2.000000
168.000000 29.000000 24.000000 1.163090 3.000000
117.000000 20.000000 24.000000 0.878511 2.000000
186.000000 37.000000 24.000000 1.132830 3.000000
130.000000 34.000000 24.000000 0.900699 2.000000
125.000000 19.000000 24.000000 1.118620 3.000000
146.000000 38.000000 24.000000 1.082830 3.000000
152.000000 35.000000 24.000000 0.899340 2.000000
69.000000 28.000000 24.000000 0.000000 0.000000
