83.000000 26.000000 24.000000 0.439222 2.000000
82.000000 29.000000 24.000000 0.665822 3.000000
61.000000 41.000000 24.000000 0.867141 2.000000
69.000000 37.000000 24.000000 1.326440 3.000000
11.000000 32.000000 24.000000 0.993687 3.000000
87.000000 18.000000 24.000000 0.961463 2.000000
69.000000 26.000000 24.000000 1.300210 3.000000
98.000000 21.000000 24.000000 1.290290 3.000000
177.000000 29.000000 24.000000 1.031460 2.000000
164.000000 33.000000 24.000000 1.162190 3.000000
112.000000 42.000000 24.000000 0.909738 2.000000
187.000000 28.000000 24.000000 1.148070 3.000000
126.000000 30.000000 24.000000 0.915788 2.000000
121.000000 43.000000 24.000000 1.140200 3.000000
148.000000 29.000000 24.000000 0.941248 2.000000
61.000000 23.000000 24.000000 0.854325 2.000000
142.000000 26.000000 24.000000 1.099910 3.000000
69.000000 28.000000 24.000000 0.000000 0.000000
