60.000000 23.000000 24.000000 0.870681 2.000000
69.000000 26.000000 24.000000 1.369740 3.000000
83.000000 43.000000 24.000000 1.071120 2.000000
93.000000 40.000000 24.000000 1.307530 3.000000
85.000000 35.000000 24.000000 0.390152 2.000000
81.000000 34.000000 24.000000 0.528589 3.000000
121.000000 32.000000 24.000000 1.009090 2.000000
112.000000 23.000000 24.000000 1.281930 3.000000
10.000000 31.000000 24.000000 0.993318 3.000000
69.000000 37.000000 24.000000 1.268010 3.000000
139.000000 32.000000 24.000000 1.030490 2.000000
133.000000 36.000000 24.000000 1.204460 3.000000
105.000000 30.000000 24.000000 0.946448 2.000000
156.000000 32.000000 24.000000 1.058750 2.000000
177.000000 34.000000 24.000000 1.184080 3.000000
147.000000 31.000000 24.000000 1.162570 3.000000
62.000000 40.000000 24.000000 0.850614 2.000000
69.000000 28.000000 24.000000 0.000000 0.000000
