124.000000 30.000000 24.000000 0.990821 2.000000
136.000000 21.000000 24.000000 1.394640 3.000000
114.000000 41.000000 24.000000 1.356250 3.000000
60.000000 40.000000 24.000000 0.867505 2.000000
11.000000 32.000000 24.000000 0.994156 3.000000
69.000000 37.000000 24.000000 1.345370 3.000000
105.000000 33.000000 24.000000 0.976534 2.000000
173.000000 27.000000 24.000000 0.979743 2.000000
164.000000 37.000000 24.000000 1.322610 3.000000
84.000000 20.000000 24.000000 1.102860 2.000000
96.000000 24.000000 24.000000 1.307090 3.000000
69.000000 26.000000 24.000000 1.259080 3.000000
188.000000 32.000000 24.000000 1.097430 3.000000
147.000000 33.000000 24.000000 0.942373 2.000000
61.000000 23.000000 24.000000 0.851077 2.000000
69.000000 28.000000 24.000000 0.000000 0.000000
