60.000000 23.000000 24.000000 0.874458 2.000000
69.000000 26.000000 24.000000 1.390920 3.000000
79.000000 30.000000 24.000000 0.386782 2.000000
81.000000 35.000000 24.000000 0.517822 3.000000
83.000000 43.000000 24.000000 1.054770 2.000000
94.000000 40.000000 24.000000 1.330390 3.000000
11.000000 31.000000 24.000000 0.993224 3.000000
69.000000 37.000000 24.000000 1.254420 3.000000
105.000000 29.000000 24.000000 0.942312 2.000000
122.000000 32.000000 24.000000 0.967322 2.000000
115.000000 22.000000 24.000000 1.218370 3.000000
142.000000 32.000000 24.000000 1.031560 2.000000
182.000000 33.000000 24.000000 1.191920 3.000000
137.000000 35.000000 24.000000 1.149810 3.000000
61.000000 41.000000 24.000000 0.848355 2.000000
69.000000 28.000000 24.000000 0.000000 0.000000
