61.000000 23.000000 24.000000 0.867668 2.000000
84.000000 24.000000 24.000000 1.335640 3.000000
82.000000 36.000000 24.000000 0.475006 2.000000
82.000000 34.000000 24.000000 0.709472 3.000000
11.000000 31.000000 24.000000 0.993285 3.000000
85.000000 45.000000 24.000000 0.952628 2.000000
69.000000 37.000000 24.000000 1.320720 3.000000
108.000000 30.000000 24.000000 0.996276 2.000000
98.000000 39.000000 24.000000 1.319300 3.000000
125.000000 31.000000 24.000000 1.032380 2.000000
118.000000 25.000000 24.000000 1.262880 3.000000
143.000000 32.000000 24.000000 1.064590 2.000000
138.000000 34.000000 24.000000 1.194830 3.000000
152.000000 31.000000 24.000000 1.166300 3.000000
61.000000 40.000000 24.000000 0.857351 2.000000
69.000000 28.000000 24.000000 0.000000 0.000000
