96.000000 32.000000 24.000000 0.934130 2.000000
101.000000 22.000000 24.000000 1.343910 3.000000
85.000000 27.000000 24.000000 0.556950 2.000000
85.000000 30.000000 24.000000 0.681120 3.000000
61.000000 41.000000 24.000000 0.861737 2.000000
11.000000 32.000000 24.000000 0.993148 3.000000
88.000000 18.000000 24.000000 0.924764 2.000000
69.000000 26.000000 24.000000 1.322390 3.000000
86.000000 40.000000 24.000000 1.300870 3.000000
112.000000 34.000000 24.000000 0.929946 2.000000
123.000000 40.000000 24.000000 1.233840 3.000000
129.000000 25.000000 24.000000 0.868378 2.000000
169.000000 35.000000 24.000000 0.935076 2.000000
164.000000 35.000000 24.000000 1.059260 3.000000
186.000000 29.000000 24.000000 1.100430 3.000000
142.000000 27.000000 24.000000 1.110010 3.000000
148.000000 38.000000 24.000000 0.816603 2.000000
69.000000 28.000000 24.000000 0.000000 0.000000
