60.000000 40.000000 24.000000 0.872703 2.000000
69.000000 37.000000 24.000000 1.359930 3.000000
82.000000 26.000000 24.000000 0.431256 2.000000
81.000000 29.000000 24.000000 0.652097 3.000000
12.000000 32.000000 24.000000 0.993371 3.000000
85.000000 18.000000 24.000000 0.972506 2.000000
96.000000 22.000000 24.000000 1.338870 3.000000
69.000000 26.000000 24.000000 1.290200 3.000000
125.000000 31.000000 24.000000 0.984543 2.000000
118.000000 41.000000 24.000000 1.209110 3.000000
107.000000 33.000000 24.000000 0.961471 2.000000
144.000000 31.000000 24.000000 1.050330 2.000000
186.000000 31.000000 24.000000 1.169590 3.000000
140.000000 29.000000 24.000000 1.155920 3.000000
61.000000 23.000000 24.000000 0.852204 2.000000
69.000000 28.000000 24.000000 0.000000 0.000000
