87.000000 46.000000 24.000000 0.876121 2.000000
69.000000 37.000000 24.000000 1.362160 3.000000
61.000000 23.000000 24.000000 0.859028 2.000000
87.000000 24.000000 24.000000 1.328080 3.000000
112.000000 30.000000 24.000000 0.996111 2.000000
101.000000 40.000000 24.000000 1.317660 3.000000
84.000000 36.000000 24.000000 0.647109 2.000000
84.000000 33.000000 24.000000 0.786384 3.000000
61.000000 40.000000 24.000000 0.864600 2.000000
12.000000 32.000000 24.000000 0.992894 3.000000
129.000000 32.000000 24.000000 1.015880 2.000000
122.000000 26.000000 24.000000 1.244310 3.000000
147.000000 32.000000 24.000000 1.047440 2.000000
185.000000 34.000000 24.000000 1.186460 3.000000
142.000000 34.000000 24.000000 1.174040 3.000000
69.000000 28.000000 24.000000 0.000000 0.000000
