84.000000 36.000000 24.000000 0.656895 2.000000
83.000000 33.000000 24.000000 0.795808 3.000000
87.000000 46.000000 24.000000 0.865874 2.000000
69.000000 37.000000 24.000000 1.370810 3.000000
97.000000 33.000000 24.000000 0.861728 2.000000
86.000000 24.000000 24.000000 1.340250 3.000000
112.000000 31.000000 24.000000 1.002400 2.000000
101.000000 40.000000 24.000000 1.319350 3.000000
129.000000 31.000000 24.000000 1.036040 2.000000
123.000000 26.000000 24.000000 1.235210 3.000000
138.000000 33.000000 24.000000 1.190000 3.000000
61.000000 40.000000 24.000000 0.864980 2.000000
12.000000 31.000000 24.000000 0.993670 3.000000
69.000000 28.000000 24.000000 0.000000 0.000000
