61.000000 23.000000 24.000000 0.866343 2.000000
69.000000 26.000000 24.000000 1.368950 3.000000
61.000000 41.000000 24.000000 0.855691 2.000000
87.000000 40.000000 24.000000 1.324130 3.000000
85.000000 28.000000 24.000000 0.685417 2.000000
85.000000 30.000000 24.000000 0.786090 3.000000
114.000000 33.000000 24.000000 0.993888 2.000000
103.000000 23.000000 24.000000 1.308710 3.000000
11.000000 31.000000 24.000000 0.993639 3.000000
148.000000 32.000000 24.000000 1.052190 2.000000
191.000000 29.000000 24.000000 1.245880 3.000000
131.000000 32.000000 24.000000 1.014740 2.000000
124.000000 37.000000 24.000000 1.233390 3.000000
139.000000 30.000000 24.000000 1.170340 3.000000
89.000000 17.000000 24.000000 0.850500 2.000000
69.000000 28.000000 24.000000 0.000000 0.000000
