60.000000 40.000000 24.000000 0.871975 2.000000
69.000000 37.000000 24.000000 1.363820 3.000000
84.000000 19.000000 24.000000 1.006020 2.000000
96.000000 24.000000 24.000000 1.316610 3.000000
79.000000 33.000000 24.000000 0.417272 2.000000
81.000000 29.000000 24.000000 0.643644 3.000000
11.000000 32.000000 24.000000 0.993367 3.000000
69.000000 26.000000 24.000000 1.292120 3.000000
123.000000 32.000000 24.000000 1.033070 2.000000
116.000000 38.000000 24.000000 1.268150 3.000000
107.000000 33.000000 24.000000 0.985744 2.000000
141.000000 31.000000 24.000000 1.074250 2.000000
136.000000 29.000000 24.000000 1.198910 3.000000
150.000000 32.000000 24.000000 1.177210 3.000000
61.000000 23.000000 24.000000 0.853089 2.000000
69.000000 28.000000 24.000000 0.000000 0.000000
