88.000000 47.000000 24.000000 0.862097 2.000000
69.000000 37.000000 24.000000 1.347270 3.000000
84.000000 36.000000 24.000000 0.679492 2.000000
84.000000 33.000000 24.000000 0.781187 3.000000
96.000000 34.000000 24.000000 0.877720 2.000000
85.000000 23.000000 24.000000 1.320720 3.000000
61.000000 23.000000 24.000000 0.863164 2.000000
11.000000 31.000000 24.000000 0.993797 3.000000
111.000000 29.000000 24.000000 0.954688 2.000000
101.000000 43.000000 24.000000 1.309500 3.000000
130.000000 31.000000 24.000000 0.974753 2.000000
171.000000 30.000000 24.000000 1.178090 3.000000
124.000000 23.000000 24.000000 1.152230 3.000000
69.000000 28.000000 24.000000 0.000000 0.000000
