60.000000 23.000000 24.000000 0.873838 2.000000
69.000000 26.000000 24.000000 1.415010 3.000000
101.000000 30.000000 24.000000 0.926450 2.000000
90.000000 39.000000 24.000000 1.322060 3.000000
10.000000 31.000000 24.000000 0.993579 3.000000
117.000000 32.000000 24.000000 1.005860 2.000000
108.000000 23.000000 24.000000 1.292540 3.000000
135.000000 32.000000 24.000000 1.042780 2.000000
130.000000 35.000000 24.000000 1.202130 3.000000
144.000000 31.000000 24.000000 1.173810 3.000000
61.000000 41.000000 24.000000 0.849458 2.000000
69.000000 28.000000 24.000000 0.000000 0.000000
