131.000000 31.000000 24.000000 1.001340 2.000000
146.000000 23.000000 24.000000 1.353850 3.000000
86.000000 27.000000 24.000000 0.464106 2.000000
85.000000 30.000000 24.000000 0.596777 3.000000
112.000000 33.000000 24.000000 1.034020 2.000000
123.000000 40.000000 24.000000 1.319480 3.000000
61.000000 41.000000 24.000000 0.861104 2.000000
11.000000 32.000000 24.000000 0.994073 3.000000
89.000000 18.000000 24.000000 0.923225 2.000000
69.000000 26.000000 24.000000 1.318840 3.000000
102.000000 23.000000 24.000000 1.313070 3.000000
88.000000 39.000000 24.000000 1.295920 3.000000
155.000000 33.000000 24.000000 0.938912 2.000000
169.000000 33.000000 24.000000 1.285920 3.000000
61.000000 23.000000 24.000000 0.858609 2.000000
69.000000 28.000000 24.000000 0.000000 0.000000
