157.000000 29.000000 24.000000 0.979519 2.000000
145.000000 40.000000 24.000000 1.377430 3.000000
132.000000 34.000000 24.000000 0.929229 2.000000
118.000000 20.000000 24.000000 1.382370 3.000000
61.000000 23.000000 24.000000 0.863969 2.000000
11.000000 31.000000 24.000000 0.994501 3.000000
84.000000 44.000000 24.000000 1.070670 2.000000
99.000000 41.000000 24.000000 1.354650 3.000000
69.000000 26.000000 24.000000 1.316400 3.000000
173.000000 26.000000 24.000000 1.252340 3.000000
69.000000 37.000000 24.000000 1.249420 3.000000
110.000000 28.000000 24.000000 0.889012 2.000000
61.000000 41.000000 24.000000 0.849302 2.000000
69.000000 28.000000 24.000000 0.000000 0.000000
