61.000000 23.000000 24.000000 0.868400 2.000000
69.000000 26.000000 24.000000 1.369110 3.000000
11.000000 31.000000 24.000000 0.992976 3.000000
82.000000 42.000000 24.000000 1.146010 2.000000
91.000000 40.000000 24.000000 1.320650 3.000000
101.000000 31.000000 24.000000 0.951490 2.000000
110.000000 21.000000 24.000000 1.316860 3.000000
69.000000 37.000000 24.000000 1.250400 3.000000
118.000000 34.000000 24.000000 0.913277 2.000000
130.000000 39.000000 24.000000 1.166930 3.000000
137.000000 27.000000 24.000000 0.836684 2.000000
151.000000 27.000000 24.000000 1.096720 3.000000
158.000000 28.000000 24.000000 0.836364 2.000000
172.000000 35.000000 24.000000 1.078260 3.000000
61.000000 41.000000 24.000000 0.850415 2.000000
69.000000 28.000000 24.000000 0.000000 0.000000
