117.000000 29.000000 24.000000 0.959516 2.000000
127.000000 20.000000 24.000000 1.393610 3.000000
86.000000 36.000000 24.000000 0.516648 2.000000
87.000000 34.000000 24.000000 0.620486 3.000000
165.000000 28.000000 24.000000 0.985550 2.000000
154.000000 39.000000 24.000000 1.367730 3.000000
61.000000 41.000000 24.000000 0.860381 2.000000
11.000000 31.000000 24.000000 0.994310 3.000000
105.000000 42.000000 24.000000 1.361500 3.000000
89.000000 47.000000 24.000000 0.894042 2.000000
69.000000 37.000000 24.000000 1.324620 3.000000
101.000000 37.000000 24.000000 0.880855 2.000000
89.000000 23.000000 24.000000 1.313220 3.000000
140.000000 34.000000 24.000000 0.942979 2.000000
183.000000 27.000000 24.000000 1.223690 3.000000
69.000000 28.000000 24.000000 0.000000 0.000000
