60.000000 23.000000 24.000000 0.873279 2.000000
69.000000 26.000000 24.000000 1.404130 3.000000
10.000000 31.000000 24.000000 0.993662 3.000000
80.000000 42.000000 24.000000 1.154030 2.000000
91.000000 39.000000 24.000000 1.310500 3.000000
118.000000 32.000000 24.000000 1.021110 2.000000
108.000000 23.000000 24.000000 1.298340 3.000000
69.000000 37.000000 24.000000 1.247770 3.000000
102.000000 30.000000 24.000000 0.936521 2.000000
135.000000 32.000000 24.000000 1.042210 2.000000
129.000000 36.000000 24.000000 1.223250 3.000000
143.000000 30.000000 24.000000 1.177320 3.000000
61.000000 41.000000 24.000000 0.850068 2.000000
69.000000 28.000000 24.000000 0.000000 0.000000
