61.000000 41.000000 24.000000 0.866073 2.000000
69.000000 37.000000 24.000000 1.341290 3.000000
83.000000 21.000000 24.000000 1.129230 2.000000
93.000000 23.000000 24.000000 1.284330 3.000000
10.000000 32.000000 24.000000 0.993069 3.000000
103.000000 33.000000 24.000000 0.887436 2.000000
112.000000 42.000000 24.000000 1.282740 3.000000
69.000000 26.000000 24.000000 1.260980 3.000000
183.000000 35.000000 24.000000 0.983961 2.000000
177.000000 28.000000 24.000000 1.217200 3.000000
118.000000 28.000000 24.000000 0.865504 2.000000
188.000000 40.000000 24.000000 1.116030 3.000000
132.000000 23.000000 24.000000 1.096960 3.000000
136.000000 36.000000 24.000000 0.787360 2.000000
61.000000 23.000000 24.000000 0.851958 2.000000
69.000000 28.000000 24.000000 0.000000 0.000000
