61.000000 23.000000 24.000000 0.866687 2.000000
69.000000 26.000000 24.000000 1.337610 3.000000
85.000000 43.000000 24.000000 1.063180 2.000000
97.000000 40.000000 24.000000 1.281980 3.000000
81.000000 30.000000 24.000000 0.314209 2.000000
83.000000 34.000000 24.000000 0.511071 3.000000
11.000000 31.000000 24.000000 0.993314 3.000000
69.000000 37.000000 24.000000 1.278710 3.000000
108.000000 26.000000 24.000000 0.881392 2.000000
117.000000 22.000000 24.000000 1.234580 3.000000
164.000000 27.000000 24.000000 0.939475 2.000000
187.000000 37.000000 24.000000 1.171130 3.000000
129.000000 45.000000 24.000000 0.871875 2.000000
139.000000 41.000000 24.000000 1.070420 3.000000
160.000000 27.000000 24.000000 1.058180 3.000000
143.000000 27.000000 24.000000 0.862302 2.000000
61.000000 40.000000 24.000000 0.851959 2.000000
69.000000 28.000000 24.000000 0.000000 0.000000
