60.000000 40.000000 24.000000 0.870248 2.000000
69.000000 37.000000 24.000000 1.339220 3.000000
82.000000 26.000000 24.000000 0.500013 2.000000
82.000000 29.000000 24.000000 0.686204 3.000000
86.000000 17.000000 24.000000 0.941543 2.000000
98.000000 21.000000 24.000000 1.316040 3.000000
11.000000 32.000000 24.000000 0.993683 3.000000
69.000000 26.000000 24.000000 1.299570 3.000000
147.000000 30.000000 24.000000 1.030110 2.000000
169.000000 34.000000 24.000000 1.172290 3.000000
109.000000 35.000000 24.000000 0.939795 2.000000
126.000000 32.000000 24.000000 0.948925 2.000000
120.000000 43.000000 24.000000 1.159820 3.000000
143.000000 29.000000 24.000000 1.133270 3.000000
61.000000 23.000000 24.000000 0.853360 2.000000
69.000000 28.000000 24.000000 0.000000 0.000000
