60.000000 40.000000 24.000000 0.875339 2.000000
11.000000 32.000000 24.000000 0.993440 3.000000
69.000000 37.000000 24.000000 1.410740 3.000000
81.000000 21.000000 24.000000 1.127080 2.000000
92.000000 24.000000 24.000000 1.317040 3.000000
119.000000 31.000000 24.000000 1.014420 2.000000
111.000000 39.000000 24.000000 1.282950 3.000000
69.000000 26.000000 24.000000 1.242580 3.000000
103.000000 33.000000 24.000000 0.948466 2.000000
137.000000 31.000000 24.000000 1.058890 2.000000
132.000000 28.000000 24.000000 1.201830 3.000000
146.000000 32.000000 24.000000 1.178580 3.000000
61.000000 23.000000 24.000000 0.848210 2.000000
69.000000 28.000000 24.000000 0.000000 0.000000
