79.000000 33.000000 24.000000 0.396555 2.000000
80.000000 29.000000 24.000000 0.561549 3.000000
60.000000 40.000000 24.000000 0.874958 2.000000
69.000000 37.000000 24.000000 1.390560 3.000000
83.000000 20.000000 24.000000 1.043150 2.000000
94.000000 23.000000 24.000000 1.328860 3.000000
69.000000 26.000000 24.000000 1.265060 3.000000
105.000000 33.000000 24.000000 0.964274 2.000000
122.000000 32.000000 24.000000 1.003660 2.000000
115.000000 39.000000 24.000000 1.251830 3.000000
141.000000 31.000000 24.000000 1.051870 2.000000
182.000000 31.000000 24.000000 1.175950 3.000000
136.000000 28.000000 24.000000 1.174370 3.000000
11.000000 32.000000 24.000000 0.993213 3.000000
61.000000 23.000000 24.000000 0.849468 2.000000
69.000000 28.000000 24.000000 0.000000 0.000000
