88.000000 46.000000 24.000000 0.912153 2.000000
69.000000 37.000000 24.000000 1.315610 3.000000
84.000000 36.000000 24.000000 0.528611 2.000000
83.000000 34.000000 24.000000 0.653052 3.000000
61.000000 23.000000 24.000000 0.862781 2.000000
69.000000 26.000000 24.000000 1.306020 3.000000
11.000000 31.000000 24.000000 0.993022 3.000000
109.000000 29.000000 24.000000 0.934934 2.000000
99.000000 43.000000 24.000000 1.257480 3.000000
153.000000 23.000000 24.000000 0.965421 2.000000
142.000000 35.000000 24.000000 1.176620 3.000000
161.000000 31.000000 24.000000 1.135720 3.000000
173.000000 33.000000 24.000000 0.923040 2.000000
183.000000 33.000000 24.000000 1.117410 3.000000
121.000000 16.000000 24.000000 1.114700 3.000000
125.000000 31.000000 24.000000 0.902349 2.000000
61.000000 40.000000 24.000000 0.856918 2.000000
69.000000 28.000000 24.000000 0.000000 0.000000
