61.000000 23.000000 24.000000 0.864964 2.000000
69.000000 26.000000 24.000000 1.364660 3.000000
10.000000 31.000000 24.000000 0.993447 3.000000
61.000000 41.000000 24.000000 0.855052 2.000000
89.000000 40.000000 24.000000 1.292540 3.000000
122.000000 43.000000 24.000000 0.909790 2.000000
107.000000 20.000000 24.000000 1.250050 3.000000
156.000000 28.000000 24.000000 1.000640 2.000000
178.000000 35.000000 24.000000 1.211950 3.000000
151.000000 28.000000 24.000000 1.117080 3.000000
130.000000 42.000000 24.000000 1.087840 3.000000
135.000000 29.000000 24.000000 0.904174 2.000000
101.000000 27.000000 24.000000 0.824510 2.000000
69.000000 28.000000 24.000000 0.000000 0.000000
