60.000000 23.000000 24.000000 0.874304 2.000000
69.000000 26.000000 24.000000 1.391090 3.000000
83.000000 43.000000 24.000000 1.066980 2.000000
94.000000 39.000000 24.000000 1.315180 3.000000
79.000000 30.000000 24.000000 0.381693 2.000000
81.000000 34.000000 24.000000 0.555515 3.000000
11.000000 31.000000 24.000000 0.993390 3.000000
121.000000 31.000000 24.000000 1.024910 2.000000
113.000000 24.000000 24.000000 1.272660 3.000000
69.000000 37.000000 24.000000 1.263820 3.000000
139.000000 32.000000 24.000000 1.072510 2.000000
134.000000 34.000000 24.000000 1.200010 3.000000
105.000000 30.000000 24.000000 0.968280 2.000000
148.000000 31.000000 24.000000 1.180210 3.000000
62.000000 40.000000 24.000000 0.849455 2.000000
69.000000 28.000000 24.000000 0.000000 0.000000
