61.000000 41.000000 24.000000 0.866545 2.000000
69.000000 37.000000 24.000000 1.329090 3.000000
87.000000 19.000000 24.000000 1.013050 2.000000
98.000000 23.000000 24.000000 1.297470 3.000000
84.000000 27.000000 24.000000 0.345716 2.000000
83.000000 30.000000 24.000000 0.506309 3.000000
11.000000 32.000000 24.000000 0.992998 3.000000
69.000000 26.000000 24.000000 1.286810 3.000000
107.000000 35.000000 24.000000 0.914865 2.000000
144.000000 34.000000 24.000000 0.985625 2.000000
159.000000 33.000000 24.000000 1.185610 3.000000
164.000000 24.000000 24.000000 0.951818 2.000000
177.000000 30.000000 24.000000 1.150950 3.000000
124.000000 32.000000 24.000000 0.921505 2.000000
119.000000 40.000000 24.000000 1.141900 3.000000
137.000000 21.000000 24.000000 1.113280 3.000000
61.000000 23.000000 24.000000 0.853000 2.000000
69.000000 28.000000 24.000000 0.000000 0.000000
