89.000000 47.000000 24.000000 0.862951 2.000000
69.000000 37.000000 24.000000 1.341660 3.000000
61.000000 23.000000 24.000000 0.861660 2.000000
86.000000 23.000000 24.000000 1.312370 3.000000
85.000000 35.000000 24.000000 0.669755 2.000000
84.000000 33.000000 24.000000 0.766249 3.000000
11.000000 31.000000 24.000000 0.993660 3.000000
113.000000 27.000000 24.000000 0.931638 2.000000
102.000000 43.000000 24.000000 1.289490 3.000000
152.000000 34.000000 24.000000 1.024740 2.000000
173.000000 29.000000 24.000000 1.199040 3.000000
146.000000 35.000000 24.000000 1.125170 3.000000
125.000000 20.000000 24.000000 1.110060 3.000000
131.000000 33.000000 24.000000 0.928587 2.000000
61.000000 40.000000 24.000000 0.859802 2.000000
69.000000 28.000000 24.000000 0.000000 0.000000
